5000 5
7597 921 1008
49309 4341 465
52902 3753 314
58187 2171 1759
59890 2284 454
0 0 0 0
1 0 0 0
2 49309 236 3
3 49309 237 4507
4 58187 1582 3460
5 7597 823 6
6 7597 824 784
7 58187 971 4217
8 49309 407 9
9 49309 408 4531
10 58187 551 3615
11 0 0 0
12 58187 437 4444
13 58187 1331 894
14 0 0 0
15 58187 1047 897
16 58187 1405 901
17 0 0 0
18 7597 939 19
19 7597 940 20
20 7597 941 3311
21 58187 177 1354
22 0 0 0
23 0 0 0
24 58187 469 3184
25 58187 60 3020
26 0 0 0
27 0 0 0
28 58187 860 3190
29 0 0 0
30 58187 1450 4952
31 0 0 0
32 58187 1746 3262
33 58187 321 92
34 0 0 0
35 0 0 0
36 58187 147 442
37 58187 1695 848
38 0 0 0
39 58187 494 3305
40 7597 544 41
41 7597 545 42
42 7597 546 43
43 7597 547 1544
44 58187 140 3620
45 0 0 0
46 58187 548 1071
47 58187 691 218
48 58187 612 3053
49 0 0 0
50 0 0 0
51 58187 1493 4370
52 49309 97 53
53 49309 98 1190
54 7597 199 55
55 7597 200 56
56 7597 201 57
57 7597 202 58
58 7597 203 4600
59 58187 853 1849
60 49309 343 61
61 49309 344 588
62 58187 462 4104
63 7597 584 64
64 7597 585 65
65 7597 586 287
66 58187 295 4417
67 0 0 0
68 7597 377 69
69 7597 378 70
70 7597 379 71
71 7597 380 72
72 7597 381 4347
73 58187 1101 1711
74 49309 286 75
75 49309 287 3443
76 58187 255 1552
77 58187 1401 1692
78 58187 99 4650
79 0 0 0
80 58187 1193 4832
81 0 0 0
82 58187 1687 3367
83 0 0 0
84 58187 882 1796
85 49309 193 86
86 49309 194 87
87 49309 195 4181
88 58187 101 3612
89 0 0 0
90 58187 677 3238
91 0 0 0
92 58187 322 1697
93 0 0 0
94 58187 292 1014
95 0 0 0
96 0 0 0
97 58187 1382 4700
98 0 0 0
99 58187 1109 3608
100 58187 877 1749
101 0 0 0
102 58187 493 39
103 58187 868 1416
104 49309 314 105
105 49309 315 2153
106 58187 533 839
107 0 0 0
108 0 0 0
109 58187 1633 387
110 58187 887 3274
111 49309 304 112
112 49309 305 113
113 49309 306 2793
114 58187 879 4482
115 58187 611 48
116 58187 480 1902
117 0 0 0
118 58187 1544 1450
119 0 0 0
120 49309 369 121
121 49309 370 514
122 58187 1589 1879
123 58187 308 2949
124 58187 532 106
125 7597 657 126
126 7597 658 127
127 7597 659 1616
128 58187 915 2048
129 58187 425 893
130 0 0 0
131 58187 216 2832
132 58187 1197 1790
133 0 0 0
134 7597 687 135
135 7597 688 136
136 7597 689 137
137 7597 690 834
138 58187 750 4728
139 0 0 0
140 7597 636 141
141 7597 637 312
142 58187 1287 376
143 0 0 0
144 58187 23 542
145 0 0 0
146 58187 104 3691
147 0 0 0
148 58187 568 939
149 0 0 0
150 49309 11 151
151 49309 12 4731
152 58187 956 1366
153 58187 1322 636
154 7597 932 155
155 7597 933 156
156 7597 934 3555
157 58187 1531 1596
158 58187 1042 629
159 0 0 0
160 58187 697 4259
161 0 0 0
162 49309 410 163
163 49309 411 4082
164 58187 1046 15
165 58187 1505 3701
166 7597 852 167
167 7597 853 168
168 7597 854 169
169 7597 855 4912
170 58187 1475 1054
171 0 0 0
172 0 0 0
173 0 0 0
174 58187 590 4517
175 58187 1062 1980
176 7597 104 177
177 7597 105 178
178 7597 106 179
179 7597 107 180
180 7597 108 181
181 7597 109 182
182 7597 110 183
183 7597 111 184
184 7597 112 185
185 7597 113 4535
186 58187 1638 483
187 0 0 0
188 7597 1002 189
189 7597 1003 561
190 58187 1090 2930
191 0 0 0
192 7597 338 193
193 7597 339 194
194 7597 340 195
195 7597 341 2237
196 58187 1481 2922
197 58187 1479 3700
198 58187 49 2969
199 0 0 0
200 58187 855 4426
201 7597 721 202
202 7597 722 203
203 7597 723 3246
204 58187 37 746
205 7597 923 206
206 7597 924 207
207 7597 925 1762
208 58187 1278 1604
209 0 0 0
210 58187 876 100
211 0 0 0
212 58187 737 2016
213 49309 142 214
214 49309 143 215
215 49309 144 4121
216 58187 1160 3684
217 0 0 0
218 58187 692 1863
219 58187 530 4226
220 58187 820 948
221 0 0 0
222 58187 945 4829
223 58187 634 2198
224 58187 1330 13
225 58187 720 4734
226 58187 359 576
227 0 0 0
228 58187 44 4422
229 0 0 0
230 7597 123 231
231 7597 124 232
232 7597 125 4234
233 58187 286 3408
234 0 0 0
235 58187 536 984
236 49309 332 237
237 49309 333 726
238 58187 1263 1149
239 58187 961 2773
240 0 0 0
241 0 0 0
242 58187 35 3542
243 0 0 0
244 0 0 0
245 58187 238 4223
246 0 0 0
247 7597 141 248
248 7597 142 249
249 7597 143 250
250 7597 144 251
251 7597 145 4644
252 58187 1662 3434
253 58187 440 2213
254 58187 262 4559
255 0 0 0
256 58187 1342 2914
257 58187 476 4112
258 58187 776 2046
259 58187 1222 3330
260 0 0 0
261 0 0 0
262 58187 704 4134
263 0 0 0
264 58187 368 2180
265 0 0 0
266 0 0 0
267 58187 496 1555
268 0 0 0
269 58187 1391 4108
270 58187 183 4135
271 0 0 0
272 58187 1377 4955
273 58187 1526 3568
274 58187 284 4627
275 0 0 0
276 0 0 0
277 58187 15 831
278 58187 384 3252
279 49309 37 280
280 49309 38 281
281 49309 39 3016
282 58187 303 1944
283 0 0 0
284 0 0 0
285 58187 938 2951
286 58187 1712 4804
287 7597 587 288
288 7597 588 289
289 7597 589 761
290 58187 1456 1279
291 0 0 0
292 58187 881 84
293 0 0 0
294 0 0 0
295 58187 313 1680
296 58187 576 430
297 0 0 0
298 58187 378 2948
299 0 0 0
300 58187 637 3128
301 0 0 0
302 58187 1356 343
303 58187 973 4558
304 58187 1312 3703
305 0 0 0
306 49309 124 307
307 49309 125 308
308 49309 126 4352
309 58187 918 3578
310 58187 505 708
311 0 0 0
312 7597 638 313
313 7597 639 858
314 58187 538 3324
315 0 0 0
316 7597 756 317
317 7597 757 318
318 7597 758 319
319 7597 759 4110
320 58187 55 4998
321 0 0 0
322 58187 1111 1024
323 58187 653 2278
324 58187 904 4177
325 0 0 0
326 58187 1735 3532
327 0 0 0
328 0 0 0
329 0 0 0
330 58187 1483 1804
331 0 0 0
332 7597 634 333
333 7597 635 140
334 58187 14 277
335 0 0 0
336 58187 644 1294
337 7597 915 338
338 7597 916 339
339 7597 917 340
340 7597 918 341
341 7597 919 4317
342 58187 600 356
343 58187 1357 2852
344 58187 1210 1046
345 0 0 0
346 58187 165 1651
347 58187 489 2186
348 58187 1271 4515
349 0 0 0
350 58187 953 2055
351 58187 902 3566
352 7597 898 353
353 7597 899 354
354 7597 900 355
355 7597 901 670
356 58187 601 3018
357 58187 370 4884
358 58187 1329 224
359 0 0 0
360 7597 250 361
361 7597 251 362
362 7597 252 363
363 7597 253 2959
364 58187 109 4702
365 0 0 0
366 58187 833 3678
367 0 0 0
368 58187 421 1834
369 58187 454 1343
370 58187 1524 1959
371 58187 1087 1484
372 58187 390 3453
373 0 0 0
374 58187 224 3094
375 58187 1089 190
376 58187 1288 911
377 0 0 0
378 58187 1439 4248
379 7597 537 380
380 7597 538 381
381 7597 539 564
382 58187 574 3698
383 0 0 0
384 58187 758 1754
385 0 0 0
386 58187 1730 4403
387 58187 1634 4520
388 58187 1666 4282
389 58187 1623 1670
390 0 0 0
391 58187 1621 3705
392 58187 127 1283
393 58187 775 258
394 58187 297 1415
395 0 0 0
396 0 0 0
397 58187 1685 1242
398 0 0 0
399 0 0 0
400 58187 1009 1033
401 58187 1593 2806
402 58187 57 1792
403 0 0 0
404 58187 620 4596
405 0 0 0
406 49309 405 407
407 49309 406 8
408 58187 679 1887
409 0 0 0
410 7597 400 411
411 7597 401 412
412 7597 402 413
413 7597 403 887
414 58187 317 2816
415 58187 774 393
416 58187 46 1572
417 0 0 0
418 7597 680 419
419 7597 681 420
420 7597 682 421
421 7597 683 2755
422 58187 78 3636
423 0 0 0
424 0 0 0
425 0 0 0
426 58187 1350 4098
427 49309 465 1
428 49309 353 429
429 49309 354 4840
430 58187 577 1372
431 0 0 0
432 58187 950 4730
433 0 0 0
434 58187 143 1022
435 0 0 0
436 58187 706 4684
437 0 0 0
438 58187 1084 1816
439 58187 640 4766
440 58187 93 1978
441 0 0 0
442 58187 148 2062
443 58187 1131 1260
444 0 0 0
445 58187 1054 1726
446 58187 223 374
447 0 0 0
448 58187 1023 800
449 0 0 0
450 49309 91 451
451 49309 92 534
452 58187 909 4067
453 0 0 0
454 58187 1453 3308
455 58187 1417 3588
456 58187 1021 3484
457 49309 273 458
458 49309 274 1534
459 58187 350 881
460 58187 1121 3169
461 49309 340 462
462 49309 341 463
463 49309 342 60
464 58187 467 4431
465 0 0 0
466 7597 728 467
467 7597 729 468
468 7597 730 469
469 7597 731 1894
470 58187 1338 2023
471 0 0 0
472 58187 1129 4948
473 0 0 0
474 58187 253 4306
475 58187 1485 4849
476 58187 1539 4612
477 49309 16 478
478 49309 17 479
479 49309 18 4685
480 58187 594 1348
481 49309 452 482
482 49309 453 4364
483 58187 1639 2851
484 7597 407 485
485 7597 408 486
486 7597 409 2872
487 58187 1653 2917
488 0 0 0
489 0 0 0
490 58187 118 4956
491 0 0 0
492 58187 1016 1833
493 58187 1069 3099
494 7597 798 495
495 7597 799 592
496 58187 1407 2120
497 58187 1573 4927
498 49309 390 499
499 49309 391 1496
500 58187 372 3110
501 7597 612 502
502 7597 613 503
503 7597 614 4503
504 58187 526 4414
505 0 0 0
506 0 0 0
507 58187 415 4312
508 7597 469 509
509 7597 470 510
510 7597 471 511
511 7597 472 512
512 7597 473 907
513 58187 1005 2797
514 49309 371 515
515 49309 372 4886
516 58187 1183 3446
517 0 0 0
518 58187 1114 4935
519 0 0 0
520 58187 1592 401
521 7597 980 522
522 7597 981 523
523 7597 982 3185
524 58187 1750 3115
525 0 0 0
526 0 0 0
527 58187 1165 4210
528 58187 156 1564
529 0 0 0
530 58187 198 4944
531 49309 364 532
532 49309 365 873
533 58187 1347 608
534 49309 93 535
535 49309 94 3544
536 58187 563 3628
537 0 0 0
538 58187 1512 3486
539 0 0 0
540 58187 1487 2050
541 0 0 0
542 58187 24 2063
543 0 0 0
544 7597 523 545
545 7597 524 546
546 7597 525 547
547 7597 526 1174
548 58187 1208 3026
549 58187 1646 872
550 58187 1552 3290
551 0 0 0
552 0 0 0
553 0 0 0
554 58187 605 2129
555 58187 1560 4614
556 58187 1435 2082
557 0 0 0
558 58187 805 4683
559 0 0 0
560 58187 381 749
561 7597 1004 562
562 7597 1005 563
563 7597 1006 914
564 7597 540 565
565 7597 541 566
566 7597 542 567
567 7597 543 40
568 58187 1445 3310
569 7597 497 570
570 7597 498 571
571 7597 499 572
572 7597 500 573
573 7597 501 3598
574 58187 81 3692
575 0 0 0
576 58187 360 2860
577 58187 519 1858
578 0 0 0
579 7597 478 580
580 7597 479 581
581 7597 480 582
582 7597 481 583
583 7597 482 2069
584 58187 203 1981
585 49309 441 902
586 58187 1492 51
587 58187 1215 1727
588 49309 345 589
589 49309 346 3378
590 58187 1604 4388
591 58187 86 4270
592 7597 800 593
593 7597 801 594
594 7597 802 4788
595 58187 874 2097
596 0 0 0
597 0 0 0
598 58187 1136 4496
599 0 0 0
600 58187 1565 4708
601 0 0 0
602 49309 336 603
603 49309 337 1325
604 58187 583 842
605 58187 778 4932
606 58187 1233 1663
607 0 0 0
608 58187 1348 2282
609 0 0 0
610 58187 1448 2155
611 0 0 0
612 58187 366 4209
613 7597 742 614
614 7597 743 615
615 7597 744 1002
616 58187 418 2157
617 0 0 0
618 58187 1243 3377
619 7597 955 620
620 7597 956 621
621 7597 957 2013
622 7597 79 623
623 7597 80 624
624 7597 81 625
625 7597 82 626
626 7597 83 627
627 7597 84 628
628 7597 85 2228
629 58187 1043 3231
630 58187 785 1848
631 0 0 0
632 0 0 0
633 58187 1221 259
634 58187 1116 3296
635 0 0 0
636 58187 1323 4894
637 7597 813 638
638 7597 814 639
639 7597 815 964
640 58187 339 3048
641 58187 816 4088
642 58187 521 1225
643 0 0 0
644 0 0 0
645 58187 374 1098
646 49309 201 647
647 49309 202 1739
648 58187 206 1694
649 58187 1626 4572
650 0 0 0
651 58187 629 4561
652 58187 241 4963
653 0 0 0
654 58187 1058 4791
655 58187 410 4189
656 58187 97 1701
657 58187 1104 2884
658 58187 958 4295
659 0 0 0
660 58187 690 47
661 0 0 0
662 0 0 0
663 58187 1728 4965
664 58187 1596 1940
665 0 0 0
666 58187 208 4988
667 0 0 0
668 0 0 0
669 58187 327 2252
670 7597 902 671
671 7597 903 672
672 7597 904 673
673 7597 905 1305
674 58187 249 2864
675 0 0 0
676 58187 1178 1373
677 0 0 0
678 58187 1303 4534
679 49309 360 680
680 49309 361 2880
681 58187 1334 3733
682 58187 895 1048
683 0 0 0
684 0 0 0
685 58187 643 336
686 58187 443 3214
687 0 0 0
688 58187 282 4324
689 58187 1369 2203
690 58187 504 310
691 0 0 0
692 58187 948 3139
693 0 0 0
694 58187 688 2781
695 0 0 0
696 49309 322 697
697 49309 323 4889
698 7597 330 699
699 7597 331 700
700 7597 332 701
701 7597 333 4630
702 58187 1607 1309
703 49309 397 704
704 49309 398 705
705 49309 399 1683
706 58187 1705 816
707 0 0 0
708 58187 506 1686
709 49309 73 710
710 49309 74 711
711 49309 75 3000
712 7597 58 713
713 7597 59 714
714 7597 60 715
715 7597 61 3056
716 58187 210 4578
717 58187 279 4598
718 58187 275 4993
719 58187 1260 2218
720 58187 899 2204
721 58187 332 4668
722 7597 512 723
723 7597 513 851
724 58187 116 4772
725 58187 1570 2261
726 49309 334 727
727 49309 335 602
728 58187 180 1530
729 58187 1745 32
730 58187 1734 326
731 0 0 0
732 58187 1403 2242
733 0 0 0
734 7597 754 735
735 7597 755 316
736 58187 233 1478
737 0 0 0
738 0 0 0
739 58187 331 721
740 58187 88 1038
741 0 0 0
742 58187 302 282
743 0 0 0
744 58187 53 2174
745 58187 95 4456
746 58187 38 1456
747 58187 389 372
748 58187 581 990
749 58187 382 4268
750 58187 1155 3172
751 49309 255 752
752 49309 256 753
753 49309 257 754
754 49309 258 3536
755 58187 1133 1324
756 58187 121 1888
757 0 0 0
758 0 0 0
759 58187 341 4718
760 0 0 0
761 7597 590 762
762 7597 591 763
763 7597 592 764
764 7597 593 765
765 7597 594 4125
766 58187 1718 2225
767 58187 1509 3390
768 58187 1028 3143
769 49309 183 770
770 49309 184 771
771 49309 185 4714
772 58187 1542 1689
773 0 0 0
774 58187 65 3036
775 0 0 0
776 7597 571 777
777 7597 572 778
778 7597 573 779
779 7597 574 4489
780 58187 1759 1
781 0 0 0
782 58187 500 2992
783 0 0 0
784 7597 825 785
785 7597 826 786
786 7597 827 3264
787 7597 128 788
788 7597 129 789
789 7597 130 790
790 7597 131 791
791 7597 132 792
792 7597 133 793
793 7597 134 4904
794 58187 288 1104
795 58187 1665 388
796 7597 465 797
797 7597 466 798
798 7597 467 799
799 7597 468 508
800 58187 1024 2102
801 0 0 0
802 58187 898 720
803 0 0 0
804 58187 852 59
805 0 0 0
806 7597 370 807
807 7597 371 808
808 7597 372 809
809 7597 373 810
810 7597 374 811
811 7597 375 812
812 7597 376 68
813 58187 1689 1574
814 0 0 0
815 58187 412 1494
816 58187 1706 4888
817 0 0 0
818 58187 1191 3676
819 58187 329 4834
820 49309 380 821
821 49309 381 1171
822 58187 845 4081
823 0 0 0
824 58187 478 2160
825 0 0 0
826 58187 588 4224
827 0 0 0
828 58187 571 1201
829 58187 558 1736
830 0 0 0
831 58187 16 1330
832 58187 353 3640
833 0 0 0
834 7597 691 835
835 7597 692 836
836 7597 693 837
837 7597 694 3419
838 58187 113 3291
839 58187 534 1550
840 49309 166 841
841 49309 167 1314
842 58187 584 4936
843 0 0 0
844 58187 1011 2024
845 0 0 0
846 0 0 0
847 58187 1274 3392
848 58187 1696 1673
849 0 0 0
850 58187 1461 1709
851 7597 514 852
852 7597 515 853
853 7597 516 854
854 7597 517 855
855 7597 518 4288
856 58187 1195 4072
857 0 0 0
858 7597 640 859
859 7597 641 860
860 7597 642 2122
861 58187 633 223
862 49309 444 863
863 49309 445 1770
864 58187 824 2761
865 0 0 0
866 7597 364 867
867 7597 365 868
868 7597 366 869
869 7597 367 870
870 7597 368 871
871 7597 369 806
872 58187 1647 3351
873 49309 366 874
874 49309 367 875
875 49309 368 120
876 58187 12 1052
877 0 0 0
878 0 0 0
879 58187 765 4074
880 0 0 0
881 58187 351 1304
882 58187 1340 1464
883 0 0 0
884 0 0 0
885 58187 1316 3106
886 0 0 0
887 7597 404 888
888 7597 405 889
889 7597 406 484
890 58187 546 1502
891 0 0 0
892 0 0 0
893 58187 426 2210
894 58187 1332 1418
895 0 0 0
896 58187 1501 4755
897 58187 1048 4106
898 7597 714 899
899 7597 715 900
900 7597 716 4219
901 58187 1406 496
902 49309 442 903
903 49309 443 862
904 58187 439 253
905 0 0 0
906 58187 430 1395
907 7597 474 908
908 7597 475 909
909 7597 476 910
910 7597 477 579
911 58187 1289 1994
912 0 0 0
913 0 0 0
914 7597 1007 915
915 7597 1008 1
916 49309 137 917
917 49309 138 918
918 49309 139 3689
919 58187 291 94
920 58187 784 630
921 7597 1 922
922 7597 2 923
923 7597 3 1441
924 58187 1229 962
925 0 0 0
926 58187 783 920
927 0 0 0
928 58187 983 4918
929 58187 1645 549
930 0 0 0
931 58187 813 1128
932 49309 172 933
933 49309 173 934
934 49309 174 935
935 49309 175 3528
936 58187 395 3551
937 0 0 0
938 58187 1188 3589
939 58187 569 3590
940 58187 508 2268
941 0 0 0
942 7597 782 943
943 7597 783 944
944 7597 784 945
945 7597 785 2052
946 58187 492 102
947 58187 757 384
948 58187 821 4995
949 7597 820 950
950 7597 821 951
951 7597 822 5
952 58187 804 558
953 0 0 0
954 58187 355 2039
955 0 0 0
956 58187 1072 4375
957 0 0 0
958 58187 661 2020
959 58187 709 3196
960 58187 975 3668
961 0 0 0
962 58187 1230 3332
963 0 0 0
964 7597 816 965
965 7597 817 966
966 7597 818 967
967 7597 819 949
968 58187 52 744
969 0 0 0
970 58187 150 3415
971 0 0 0
972 7597 230 973
973 7597 231 974
974 7597 232 975
975 7597 233 976
976 7597 234 1920
977 58187 724 3047
978 58187 74 3164
979 0 0 0
980 49309 320 981
981 49309 321 696
982 58187 586 1351
983 0 0 0
984 58187 537 314
985 0 0 0
986 58187 1679 1425
987 49309 180 988
988 49309 181 989
989 49309 182 769
990 58187 582 604
991 58187 1743 3596
992 58187 106 3526
993 0 0 0
994 58187 9 1526
995 0 0 0
996 7597 878 997
997 7597 879 1872
998 58187 71 3586
999 0 0 0
1000 58187 1723 4446
1001 0 0 0
1002 7597 745 1003
1003 7597 746 1004
1004 7597 747 1733
1005 58187 756 947
1006 58187 1368 689
1007 0 0 0
1008 58187 518 577
1009 0 0 0
1010 7597 892 1011
1011 7597 893 1012
1012 7597 894 1013
1013 7597 895 1090
1014 58187 293 2200
1015 0 0 0
1016 58187 924 1080
1017 0 0 0
1018 0 0 0
1019 0 0 0
1020 58187 192 3336
1021 58187 1664 795
1022 58187 144 2196
1023 0 0 0
1024 58187 1112 4345
1025 0 0 0
1026 7597 281 1027
1027 7597 282 1028
1028 7597 283 1029
1029 7597 284 1318
1030 58187 1602 3748
1031 49309 291 1032
1032 49309 292 1519
1033 58187 1010 844
1034 58187 1721 1118
1035 58187 475 257
1036 49309 310 1037
1037 49309 311 3354
1038 58187 89 2790
1039 7597 846 1040
1040 7597 847 1041
1041 7597 848 1084
1042 58187 649 3082
1043 58187 1577 4436
1044 58187 278 717
1045 58187 1302 678
1046 58187 1211 1162
1047 58187 716 3326
1048 58187 896 1919
1049 58187 392 2746
1050 49309 102 1051
1051 49309 103 3013
1052 58187 13 334
1053 0 0 0
1054 58187 1476 3181
1055 58187 1176 2169
1056 49309 112 1057
1057 49309 113 1058
1058 49309 114 4724
1059 58187 901 351
1060 0 0 0
1061 58187 1181 4567
1062 0 0 0
1063 58187 952 350
1064 7597 961 1065
1065 7597 962 1066
1066 7597 963 1067
1067 7597 964 3562
1068 58187 885 3091
1069 58187 1082 1585
1070 0 0 0
1071 58187 549 3629
1072 7597 663 1073
1073 7597 664 1074
1074 7597 665 1075
1075 7597 666 1076
1076 7597 667 1077
1077 7597 668 1252
1078 58187 1164 527
1079 0 0 0
1080 58187 925 4634
1081 58187 205 648
1082 0 0 0
1083 58187 324 4188
1084 7597 849 1085
1085 7597 850 1086
1086 7597 851 166
1087 58187 1473 3028
1088 0 0 0
1089 58187 1186 1644
1090 7597 896 1091
1091 7597 897 352
1092 58187 687 694
1093 7597 361 1094
1094 7597 362 1095
1095 7597 363 866
1096 58187 197 530
1097 0 0 0
1098 58187 375 4570
1099 7597 910 1100
1100 7597 911 1101
1101 7597 912 2908
1102 58187 1740 1131
1103 0 0 0
1104 58187 289 1708
1105 0 0 0
1106 58187 797 4844
1107 0 0 0
1108 7597 310 1109
1109 7597 311 1110
1110 7597 312 1111
1111 7597 313 4260
1112 58187 348 1599
1113 0 0 0
1114 58187 848 2110
1115 0 0 0
1116 0 0 0
1117 58187 1568 4851
1118 58187 1722 1000
1119 0 0 0
1120 7597 976 1121
1121 7597 977 1122
1122 7597 978 1123
1123 7597 979 521
1124 58187 894 682
1125 0 0 0
1126 58187 812 931
1127 0 0 0
1128 58187 814 2940
1129 0 0 0
1130 0 0 0
1131 58187 1741 1815
1132 49309 234 1133
1133 49309 235 2
1134 58187 623 3358
1135 0 0 0
1136 7597 391 1137
1137 7597 392 1138
1138 7597 393 1139
1139 7597 394 1140
1140 7597 395 1141
1141 7597 396 1193
1142 58187 452 4171
1143 0 0 0
1144 58187 597 3559
1145 0 0 0
1146 58187 20 2148
1147 7597 774 1148
1148 7597 775 4136
1149 58187 1264 3550
1150 58187 92 440
1151 0 0 0
1152 58187 1559 555
1153 0 0 0
1154 58187 858 1285
1155 0 0 0
1156 58187 867 103
1157 0 0 0
1158 7597 794 1159
1159 7597 795 1160
1160 7597 796 1161
1161 7597 797 494
1162 58187 1212 1288
1163 58187 436 12
1164 58187 1389 2749
1165 58187 1308 3125
1166 58187 1658 3380
1167 7597 553 1168
1168 7597 554 1169
1169 7597 555 1452
1170 58187 666 4794
1171 49309 382 1172
1172 49309 383 1173
1173 49309 384 4818
1174 7597 527 1175
1175 7597 528 1176
1176 7597 529 1177
1177 7597 530 4870
1178 58187 1320 1298
1179 49309 222 1180
1180 49309 223 1181
1181 49309 224 4279
1182 58187 245 4156
1183 0 0 0
1184 58187 482 4796
1185 0 0 0
1186 58187 1381 97
1187 0 0 0
1188 58187 890 1362
1189 0 0 0
1190 49309 99 1191
1191 49309 100 1192
1192 49309 101 1050
1193 7597 397 1194
1194 7597 398 1195
1195 7597 399 410
1196 58187 713 4892
1197 58187 1394 4530
1198 0 0 0
1199 58187 819 220
1200 58187 326 669
1201 58187 572 1628
1202 58187 195 3546
1203 7597 843 1204
1204 7597 844 1205
1205 7597 845 1039
1206 58187 1097 4882
1207 0 0 0
1208 58187 1142 1576
1209 49309 22 1210
1210 49309 23 4152
1211 58187 265 1916
1212 49309 248 1213
1213 49309 249 2150
1214 58187 792 3619
1215 0 0 0
1216 7597 992 1217
1217 7597 993 3111
1218 58187 655 2172
1219 0 0 0
1220 7597 30 1221
1221 7597 31 1222
1222 7597 32 1223
1223 7597 33 1224
1224 7597 34 2072
1225 58187 522 4623
1226 0 0 0
1227 58187 1716 3661
1228 58187 1205 4584
1229 7597 928 1230
1230 7597 929 1231
1231 7597 930 1232
1232 7597 931 154
1233 58187 940 4230
1234 7597 219 1235
1235 7597 220 1236
1236 7597 221 1237
1237 7597 222 1238
1238 7597 223 1239
1239 7597 224 1240
1240 7597 225 1241
1241 7597 226 3604
1242 58187 1686 82
1243 0 0 0
1244 58187 1386 2260
1245 0 0 0
1246 58187 179 728
1247 0 0 0
1248 58187 1472 1087
1249 58187 1609 1400
1250 58187 968 3063
1251 0 0 0
1252 7597 669 1253
1253 7597 670 2995
1254 58187 1536 4809
1255 58187 214 1258
1256 58187 220 3276
1257 0 0 0
1258 58187 215 131
1259 0 0 0
1260 58187 1132 755
1261 0 0 0
1262 58187 1557 2869
1263 58187 1106 2108
1264 7597 653 1265
1265 7597 654 1266
1266 7597 655 1267
1267 7597 656 125
1268 58187 943 3617
1269 0 0 0
1270 58187 248 674
1271 0 0 0
1272 0 0 0
1273 7597 952 1274
1274 7597 953 1275
1275 7597 954 619
1276 58187 803 952
1277 0 0 0
1278 0 0 0
1279 58187 1457 1613
1280 0 0 0
1281 0 0 0
1282 58187 1040 4097
1283 58187 128 4357
1284 0 0 0
1285 58187 859 28
1286 0 0 0
1287 58187 1251 4896
1288 58187 1213 1915
1289 0 0 0
1290 58187 162 2836
1291 0 0 0
1292 58187 1170 2262
1293 58187 168 1693
1294 58187 645 2980
1295 0 0 0
1296 49309 282 1297
1297 49309 283 3140
1298 58187 1321 153
1299 0 0 0
1300 58187 1364 4546
1301 49309 425 1302
1302 49309 426 1303
1303 49309 427 3038
1304 58187 352 832
1305 7597 906 1306
1306 7597 907 1307
1307 7597 908 1308
1308 7597 909 1099
1309 58187 1608 1249
1310 49309 434 1311
1311 49309 435 4148
1312 58187 230 1728
1313 0 0 0
1314 49309 168 1315
1315 49309 169 3584
1316 58187 1367 1006
1317 0 0 0
1318 7597 285 1319
1319 7597 286 1320
1320 7597 287 1321
1321 7597 288 1322
1322 7597 289 1323
1323 7597 290 4551
1324 58187 1134 3539
1325 49309 338 1326
1326 49309 339 461
1327 58187 27 3356
1328 0 0 0
1329 58187 1422 4812
1330 58187 17 4506
1331 7597 865 1332
1332 7597 866 1333
1333 7597 867 1334
1334 7597 868 1890
1335 58187 1708 4412
1336 0 0 0
1337 58187 1190 818
1338 0 0 0
1339 58187 1677 4760
1340 49309 264 1341
1341 49309 265 1342
1342 49309 266 4966
1343 58187 455 4102
1344 0 0 0
1345 58187 557 829
1346 58187 1074 2126
1347 0 0 0
1348 58187 595 4245
1349 0 0 0
1350 58187 1551 550
1351 58187 587 826
1352 0 0 0
1353 58187 1036 3188
1354 58187 178 1246
1355 0 0 0
1356 58187 1172 1368
1357 49309 150 1358
1358 49309 151 1359
1359 49309 152 1583
1360 58187 807 3579
1361 0 0 0
1362 58187 891 2796
1363 0 0 0
1364 58187 514 4594
1365 0 0 0
1366 58187 957 658
1367 0 0 0
1368 58187 1173 4178
1369 0 0 0
1370 49309 432 1371
1371 49309 433 1310
1372 58187 578 4544
1373 58187 1179 3121
1374 0 0 0
1375 0 0 0
1376 58187 1428 4215
1377 0 0 0
1378 0 0 0
1379 0 0 0
1380 58187 1519 4459
1381 0 0 0
1382 49309 206 1383
1383 49309 207 1864
1384 58187 115 724
1385 0 0 0
1386 58187 963 4711
1387 58187 992 4243
1388 0 0 0
1389 0 0 0
1390 58187 1419 3482
1391 0 0 0
1392 58187 1266 4947
1393 58187 228 4500
1394 0 0 0
1395 58187 431 4330
1396 58187 364 1738
1397 0 0 0
1398 58187 1045 164
1399 0 0 0
1400 58187 1610 3594
1401 58187 1146 4722
1402 58187 545 890
1403 58187 889 1188
1404 58187 830 3728
1405 0 0 0
1406 58187 1018 4090
1407 58187 1726 1932
1408 49309 296 1409
1409 49309 297 4774
1410 58187 562 536
1411 0 0 0
1412 7597 859 1413
1413 7597 860 1414
1414 7597 861 2853
1415 58187 298 1542
1416 58187 869 4484
1417 0 0 0
1418 58187 1333 681
1419 58187 429 906
1420 58187 555 1794
1421 0 0 0
1422 58187 281 688
1423 0 0 0
1424 0 0 0
1425 58187 1680 3272
1426 49309 430 1427
1427 49309 431 1370
1428 7597 740 1429
1429 7597 741 613
1430 58187 103 146
1431 0 0 0
1432 58187 754 4068
1433 0 0 0
1434 58187 1118 4430
1435 49309 219 1436
1436 49309 220 1437
1437 49309 221 1179
1438 7597 445 1439
1439 7597 446 1440
1440 7597 447 4983
1441 7597 4 1442
1442 7597 5 1443
1443 7597 6 1444
1444 7597 7 1445
1445 7597 8 1446
1446 7597 9 1447
1447 7597 10 2758
1448 58187 153 3580
1449 0 0 0
1450 58187 1545 2904
1451 0 0 0
1452 7597 556 1453
1453 7597 557 1454
1454 7597 558 1455
1455 7597 559 3374
1456 58187 39 1510
1457 0 0 0
1458 58187 1031 1648
1459 0 0 0
1460 58187 748 2890
1461 0 0 0
1462 58187 985 3350
1463 0 0 0
1464 58187 1341 256
1465 0 0 0
1466 58187 1056 3370
1467 58187 1491 586
1468 58187 1079 4203
1469 58187 722 2896
1470 58187 1064 2990
1471 0 0 0
1472 58187 632 861
1473 0 0 0
1474 58187 1259 719
1475 58187 503 690
1476 58187 85 591
1477 58187 126 392
1478 58187 234 1988
1479 49309 231 1480
1480 49309 232 1481
1481 49309 233 1132
1482 58187 1363 1300
1483 0 0 0
1484 58187 1088 375
1485 49309 422 1486
1486 49309 423 1487
1487 49309 424 1301
1488 58187 447 2272
1489 0 0 0
1490 58187 665 1170
1491 0 0 0
1492 58187 212 4257
1493 58187 1669 4846
1494 58187 413 3254
1495 58187 227 1393
1496 49309 392 1497
1497 49309 393 2177
1498 58187 1013 2194
1499 0 0 0
1500 0 0 0
1501 58187 484 3654
1502 58187 547 46
1503 0 0 0
1504 58187 307 123
1505 0 0 0
1506 7597 973 1507
1507 7597 974 1508
1508 7597 975 1120
1509 58187 1226 3404
1510 58187 40 3004
1511 0 0 0
1512 58187 1547 3560
1513 7597 347 1514
1514 7597 348 1515
1515 7597 349 1516
1516 7597 350 1517
1517 7597 351 3132
1518 58187 1496 4740
1519 49309 293 1520
1520 49309 294 1521
1521 49309 295 1408
1522 58187 170 4635
1523 0 0 0
1524 58187 428 1419
1525 58187 829 1404
1526 58187 10 4419
1527 0 0 0
1528 58187 832 366
1529 0 0 0
1530 58187 181 2187
1531 0 0 0
1532 0 0 0
1533 58187 1385 1244
1534 49309 275 1535
1535 49309 276 4185
1536 7597 602 1537
1537 7597 603 1538
1538 7597 604 1539
1539 7597 605 2963
1540 58187 1175 1055
1541 0 0 0
1542 58187 299 1882
1543 0 0 0
1544 7597 548 1545
1545 7597 549 1546
1546 7597 550 1547
1547 7597 551 1548
1548 7597 552 1167
1549 58187 488 347
1550 58187 535 235
1551 58187 70 998
1552 58187 256 3050
1553 58187 1163 1078
1554 58187 306 1504
1555 58187 497 4958
1556 58187 734 4350
1557 0 0 0
1558 58187 1455 290
1559 0 0 0
1560 58187 1534 2167
1561 0 0 0
1562 58187 942 1268
1563 0 0 0
1564 58187 157 1875
1565 0 0 0
1566 58187 1060 2195
1567 0 0 0
1568 0 0 0
1569 7597 322 1570
1570 7597 323 1571
1571 7597 324 3719
1572 58187 47 4256
1573 0 0 0
1574 58187 1690 3229
1575 0 0 0
1576 58187 1143 4433
1577 0 0 0
1578 0 0 0
1579 58187 703 262
1580 58187 1581 4
1581 58187 1657 1166
1582 0 0 0
1583 49309 153 1584
1584 49309 154 2274
1585 58187 1083 438
1586 0 0 0
1587 58187 908 452
1588 58187 1739 1102
1589 0 0 0
1590 58187 1459 1661
1591 58187 1020 456
1592 58187 599 342
1593 7597 442 1594
1594 7597 443 1595
1595 7597 444 1438
1596 58187 1532 4876
1597 49309 188 1598
1598 49309 189 4285
1599 58187 349 459
1600 7597 216 1601
1601 7597 217 1602
1602 7597 218 1234
1603 58187 185 2043
1604 58187 1279 1634
1605 0 0 0
1606 0 0 0
1607 58187 68 1960
1608 0 0 0
1609 58187 408 1690
1610 7597 486 1611
1611 7597 487 1612
1612 7597 488 4331
1613 58187 1458 1590
1614 58187 744 4502
1615 0 0 0
1616 7597 660 1617
1617 7597 661 1618
1618 7597 662 1072
1619 58187 1256 3738
1620 0 0 0
1621 7597 263 1622
1622 7597 264 1623
1623 7597 265 1624
1624 7597 266 1625
1625 7597 267 3426
1626 58187 201 4362
1627 58187 345 3328
1628 58187 573 382
1629 0 0 0
1630 58187 1262 238
1631 49309 216 1632
1632 49309 217 1633
1633 49309 218 1435
1634 58187 1280 4776
1635 49309 357 1636
1636 49309 358 1637
1637 49309 359 679
1638 58187 771 3431
1639 0 0 0
1640 58187 1692 4346
1641 58187 987 1748
1642 58187 1431 3204
1643 58187 1580 1580
1644 58187 1187 938
1645 0 0 0
1646 0 0 0
1647 0 0 0
1648 58187 1032 2787
1649 0 0 0
1650 58187 1643 2962
1651 58187 166 2127
1652 0 0 0
1653 58187 1600 2966
1654 49309 162 1655
1655 49309 163 4698
1656 58187 1319 1178
1657 0 0 0
1658 49309 419 1659
1659 49309 420 1660
1660 49309 421 1485
1661 58187 1460 850
1662 58187 652 323
1663 58187 1234 4305
1664 0 0 0
1665 7597 95 1666
1666 7597 96 1667
1667 7597 97 1668
1668 7597 98 1669
1669 7597 99 1765
1670 58187 1624 4258
1671 58187 1426 1752
1672 0 0 0
1673 58187 1697 4858
1674 0 0 0
1675 58187 1649 4693
1676 58187 6 3234
1677 58187 715 1047
1678 0 0 0
1679 58187 1238 2838
1680 58187 314 1714
1681 0 0 0
1682 58187 1452 454
1683 49309 400 1684
1684 49309 401 1685
1685 49309 402 4806
1686 58187 507 940
1687 0 0 0
1688 58187 1478 197
1689 58187 1543 118
1690 58187 409 655
1691 0 0 0
1692 58187 1402 732
1693 58187 169 1522
1694 58187 207 666
1695 0 0 0
1696 0 0 0
1697 58187 323 1083
1698 58187 914 128
1699 0 0 0
1700 58187 1283 2133
1701 58187 98 78
1702 49309 300 1703
1703 49309 301 1852
1704 58187 610 115
1705 58187 1489 1908
1706 0 0 0
1707 0 0 0
1708 58187 290 919
1709 58187 1462 4477
1710 0 0 0
1711 58187 1102 3490
1712 58187 701 2001
1713 0 0 0
1714 58187 315 2146
1715 0 0 0
1716 58187 1521 3564
1717 0 0 0
1718 58187 457 1825
1719 0 0 0
1720 0 0 0
1721 0 0 0
1722 58187 947 692
1723 58187 981 3158
1724 58187 131 2163
1725 0 0 0
1726 58187 1055 1466
1727 58187 1216 4165
1728 58187 231 2988
1729 0 0 0
1730 58187 1572 497
1731 0 0 0
1732 58187 1409 2147
1733 7597 748 1734
1734 7597 749 4391
1735 58187 761 4996
1736 58187 559 4641
1737 0 0 0
1738 58187 365 612
1739 49309 203 1740
1740 49309 204 1741
1741 49309 205 1382
1742 58187 1336 4408
1743 58187 1515 3714
1744 58187 62 2858
1745 0 0 0
1746 58187 554 1420
1747 0 0 0
1748 58187 988 4673
1749 58187 878 114
1750 49309 330 1751
1751 49309 331 236
1752 58187 1427 1376
1753 0 0 0
1754 58187 759 3440
1755 49309 228 1756
1756 49309 229 1757
1757 49309 230 1479
1758 58187 841 2977
1759 0 0 0
1760 0 0 0
1761 0 0 0
1762 7597 926 1763
1763 7597 927 1229
1764 58187 1585 3747
1765 7597 100 1766
1766 7597 101 1767
1767 7597 102 1768
1768 7597 103 176
1769 58187 502 1475
1770 49309 446 1771
1771 49309 447 4816
1772 7597 422 1773
1773 7597 423 4854
1774 58187 1523 370
1775 0 0 0
1776 49309 386 1777
1777 49309 387 3092
1778 58187 1466 4379
1779 0 0 0
1780 58187 736 212
1781 0 0 0
1782 0 0 0
1783 58187 1242 618
1784 58187 999 1970
1785 58187 424 129
1786 58187 1245 4861
1787 0 0 0
1788 0 0 0
1789 0 0 0
1790 58187 1198 4593
1791 0 0 0
1792 58187 58 2214
1793 0 0 0
1794 58187 556 1345
1795 0 0 0
1796 58187 883 3438
1797 0 0 0
1798 7597 91 1799
1799 7597 92 1800
1800 7597 93 1801
1801 7597 94 1665
1802 58187 1447 610
1803 0 0 0
1804 58187 1484 475
1805 0 0 0
1806 58187 77 422
1807 0 0 0
1808 0 0 0
1809 58187 1092 3746
1810 58187 190 4116
1811 7597 888 1812
1812 7597 889 1813
1813 7597 890 1814
1814 7597 891 1010
1815 58187 1742 991
1816 58187 1085 1837
1817 0 0 0
1818 7597 461 1819
1819 7597 462 1820
1820 7597 463 1821
1821 7597 464 796
1822 58187 1400 77
1823 0 0 0
1824 58187 625 4254
1825 58187 458 1854
1826 7597 418 1827
1827 7597 419 1828
1828 7597 420 1829
1829 7597 421 1772
1830 58187 1241 1783
1831 0 0 0
1832 58187 990 2164
1833 58187 1017 1406
1834 58187 422 3688
1835 0 0 0
1836 0 0 0
1837 58187 1086 371
1838 58187 913 1698
1839 0 0 0
1840 0 0 0
1841 58187 1203 3250
1842 7597 872 1843
1843 7597 873 1844
1844 7597 874 1845
1845 7597 875 1846
1846 7597 876 1847
1847 7597 877 996
1848 58187 786 4566
1849 58187 854 200
1850 58187 1004 513
1851 58187 1030 1458
1852 49309 302 1853
1853 49309 303 111
1854 58187 459 4613
1855 49309 252 1856
1856 49309 253 1857
1857 49309 254 751
1858 58187 520 642
1859 58187 1228 924
1860 58187 648 1042
1861 0 0 0
1862 0 0 0
1863 58187 693 4206
1864 49309 208 1865
1865 49309 209 4719
1866 58187 1354 4672
1867 0 0 0
1868 7597 243 1869
1869 7597 244 1870
1870 7597 245 4756
1871 58187 1704 706
1872 7597 880 1873
1873 7597 881 1874
1874 7597 882 1996
1875 58187 158 3624
1876 0 0 0
1877 58187 1327 3192
1878 0 0 0
1879 58187 1590 3338
1880 0 0 0
1881 58187 464 2202
1882 58187 300 3473
1883 0 0 0
1884 58187 1151 1967
1885 0 0 0
1886 58187 407 1609
1887 58187 680 4583
1888 58187 122 4880
1889 0 0 0
1890 7597 869 1891
1891 7597 870 1892
1892 7597 871 1842
1893 58187 1169 1292
1894 7597 732 1895
1895 7597 733 1896
1896 7597 734 2205
1897 58187 934 1905
1898 58187 1286 142
1899 58187 1067 4716
1900 58187 1694 37
1901 0 0 0
1902 58187 481 1184
1903 0 0 0
1904 58187 112 838
1905 58187 935 3424
1906 0 0 0
1907 0 0 0
1908 58187 1490 1467
1909 0 0 0
1910 58187 788 3442
1911 0 0 0
1912 58187 347 1112
1913 0 0 0
1914 0 0 0
1915 58187 1214 587
1916 58187 266 2862
1917 0 0 0
1918 58187 1318 1656
1919 58187 897 802
1920 7597 235 1921
1921 7597 236 1922
1922 7597 237 1923
1923 7597 238 1924
1924 7597 239 1925
1925 7597 240 1926
1926 7597 241 1927
1927 7597 242 1868
1928 58187 917 309
1929 0 0 0
1930 49309 55 1931
1931 49309 56 4192
1932 58187 1727 663
1933 0 0 0
1934 58187 1168 1893
1935 49309 159 1936
1936 49309 160 1937
1937 49309 161 1654
1938 58187 683 4374
1939 0 0 0
1940 58187 1597 4658
1941 0 0 0
1942 49309 199 1943
1943 49309 200 646
1944 58187 304 4264
1945 0 0 0
1946 58187 473 4723
1947 0 0 0
1948 7597 627 1949
1949 7597 628 1950
1950 7597 629 1951
1951 7597 630 4371
1952 58187 1315 885
1953 0 0 0
1954 58187 1588 122
1955 0 0 0
1956 49309 269 1957
1957 49309 270 4778
1958 58187 273 3288
1959 58187 1525 273
1960 58187 69 1551
1961 58187 781 4516
1962 58187 1253 4366
1963 0 0 0
1964 58187 1556 1262
1965 0 0 0
1966 0 0 0
1967 58187 1152 3616
1968 0 0 0
1969 0 0 0
1970 58187 1000 4811
1971 0 0 0
1972 58187 251 4448
1973 0 0 0
1974 0 0 0
1975 0 0 0
1976 58187 135 4930
1977 58187 1756 3472
1978 58187 94 745
1979 0 0 0
1980 58187 1063 1470
1981 58187 204 1081
1982 7597 598 1983
1983 7597 599 1984
1984 7597 600 1985
1985 7597 601 1536
1986 58187 268 4212
1987 0 0 0
1988 58187 235 3382
1989 0 0 0
1990 58187 921 2111
1991 0 0 0
1992 58187 543 2090
1993 0 0 0
1994 58187 1290 4865
1995 0 0 0
1996 7597 883 1997
1997 7597 884 3693
1998 58187 1614 4978
1999 58187 108 364
2000 58187 377 298
2001 58187 702 1579
2002 58187 955 152
2003 7597 762 2004
2004 7597 763 2005
2005 7597 764 4129
2006 58187 928 2866
2007 0 0 0
2008 58187 405 4528
2009 0 0 0
2010 0 0 0
2011 58187 1150 1884
2012 58187 695 3120
2013 7597 958 2014
2014 7597 959 2015
2015 7597 960 1064
2016 58187 738 4900
2017 49309 243 2018
2018 49309 244 2019
2019 49309 245 3182
2020 58187 662 4933
2021 0 0 0
2022 58187 155 528
2023 58187 1339 882
2024 58187 1012 1498
2025 0 0 0
2026 58187 1733 730
2027 0 0 0
2028 7597 621 2029
2029 7597 622 2030
2030 7597 623 2031
2031 7597 624 2032
2032 7597 625 2033
2033 7597 626 1948
2034 58187 729 2998
2035 0 0 0
2036 58187 1587 1954
2037 58187 319 3502
2038 0 0 0
2039 58187 356 3630
2040 58187 312 295
2041 58187 616 3142
2042 0 0 0
2043 58187 186 4078
2044 58187 1366 1316
2045 0 0 0
2046 58187 777 605
2047 0 0 0
2048 58187 916 1928
2049 0 0 0
2050 58187 1488 1705
2051 0 0 0
2052 7597 786 2053
2053 7597 787 2054
2054 7597 788 3255
2055 58187 954 2002
2056 7597 54 2057
2057 7597 55 2058
2058 7597 56 2059
2059 7597 57 712
2060 58187 76 1806
2061 0 0 0
2062 58187 149 970
2063 58187 25 4486
2064 0 0 0
2065 58187 912 1838
2066 58187 435 1163
2067 0 0 0
2068 58187 742 4466
2069 7597 483 2070
2070 7597 484 2071
2071 7597 485 1610
2072 7597 35 2073
2073 7597 36 2074
2074 7597 37 2075
2075 7597 38 4158
2076 58187 628 651
2077 58187 699 3464
2078 0 0 0
2079 49309 6 2080
2080 49309 7 2081
2081 49309 8 4440
2082 58187 1436 3322
2083 58187 1617 3098
2084 58187 791 1214
2085 7597 839 2086
2086 7597 840 2087
2087 7597 841 2088
2088 7597 842 1203
2089 58187 1307 1165
2090 58187 544 1402
2091 58187 823 864
2092 49309 4 2093
2093 49309 5 2079
2094 58187 615 2041
2095 0 0 0
2096 0 0 0
2097 58187 875 210
2098 58187 310 2933
2099 0 0 0
2100 58187 1145 1401
2101 58187 1630 4974
2102 58187 1025 3340
2103 0 0 0
2104 0 0 0
2105 0 0 0
2106 58187 1563 3403
2107 58187 850 2834
2108 58187 1107 3573
2109 58187 593 480
2110 58187 849 2107
2111 58187 922 4216
2112 58187 967 1250
2113 58187 1002 2924
2114 58187 173 4860
2115 58187 1415 4813
2116 49309 31 2117
2117 49309 32 2118
2118 49309 33 2875
2119 58187 1438 378
2120 58187 1408 1732
2121 0 0 0
2122 7597 643 2123
2123 7597 644 2124
2124 7597 645 2125
2125 7597 646 3457
2126 58187 1075 2994
2127 58187 167 1293
2128 0 0 0
2129 58187 606 2741
2130 58187 1714 3046
2131 0 0 0
2132 58187 1413 4384
2133 58187 1284 3675
2134 7597 567 2135
2135 7597 568 2136
2136 7597 569 2137
2137 7597 570 776
2138 58187 19 1146
2139 0 0 0
2140 58187 67 1607
2141 0 0 0
2142 49309 89 2143
2143 49309 90 450
2144 58187 1052 4848
2145 0 0 0
2146 58187 316 414
2147 58187 1410 3652
2148 58187 21 4741
2149 0 0 0
2150 49309 250 2151
2151 49309 251 1855
2152 58187 1683 4205
2153 49309 316 2154
2154 49309 317 2800
2155 58187 1449 30
2156 0 0 0
2157 58187 419 3306
2158 58187 32 2986
2159 0 0 0
2160 58187 479 116
2161 0 0 0
2162 58187 1353 1866
2163 58187 132 3522
2164 58187 991 1387
2165 0 0 0
2166 0 0 0
2167 58187 1535 1254
2168 0 0 0
2169 58187 1177 676
2170 58187 1595 664
2171 58187 1 3535
2172 58187 656 4454
2173 0 0 0
2174 58187 54 320
2175 0 0 0
2176 58187 1294 4902
2177 49309 394 2178
2178 49309 395 2179
2179 49309 396 703
2180 58187 369 357
2181 0 0 0
2182 7597 580 2183
2183 7597 581 2184
2184 7597 582 2185
2185 7597 583 63
2186 58187 490 3373
2187 58187 182 270
2188 7597 708 2189
2189 7597 709 2190
2190 7597 710 2191
2191 7597 711 2192
2192 7597 712 2193
2193 7597 713 898
2194 58187 1014 4329
2195 58187 1061 175
2196 58187 145 4885
2197 58187 445 4580
2198 58187 635 4843
2199 0 0 0
2200 58187 294 66
2201 0 0 0
2202 58187 465 4746
2203 58187 1370 4328
2204 58187 900 1059
2205 7597 735 2206
2206 7597 736 2207
2207 7597 737 2208
2208 7597 738 2209
2209 7597 739 1428
2210 58187 427 1524
2211 58187 403 3540
2212 0 0 0
2213 58187 441 4202
2214 58187 59 25
2215 58187 1373 2271
2216 49309 450 2217
2217 49309 451 481
2218 58187 1261 1630
2219 0 0 0
2220 58187 810 4637
2221 0 0 0
2222 58187 1380 1186
2223 0 0 0
2224 0 0 0
2225 58187 1719 4688
2226 0 0 0
2227 0 0 0
2228 7597 86 2229
2229 7597 87 2230
2230 7597 88 2231
2231 7597 89 2232
2232 7597 90 1798
2233 58187 1755 1977
2234 0 0 0
2235 58187 933 1897
2236 0 0 0
2237 7597 342 2238
2238 7597 343 2239
2239 7597 344 2240
2240 7597 345 2241
2241 7597 346 1513
2242 58187 1404 16
2243 0 0 0
2244 58187 1008 400
2245 0 0 0
2246 58187 111 1904
2247 58187 189 1810
2248 49309 456 2249
2249 49309 457 3363
2250 58187 580 748
2251 0 0 0
2252 58187 328 819
2253 0 0 0
2254 58187 1749 524
2255 0 0 0
2256 0 0 0
2257 58187 1095 3682
2258 58187 343 3366
2259 0 0 0
2260 58187 1387 4661
2261 58187 1571 1730
2262 58187 1171 1356
2263 0 0 0
2264 7597 704 2265
2265 7597 705 2266
2266 7597 706 2267
2267 7597 707 2188
2268 58187 509 3696
2269 0 0 0
2270 58187 139 44
2271 58187 1374 2910
2272 58187 448 3171
2273 0 0 0
2274 49309 155 2275
2275 49309 156 2276
2276 49309 157 2277
2277 49309 158 1935
2278 58187 654 1218
2279 0 0 0
2280 58187 871 4292
2281 0 0 0
2282 58187 1349 426
2283 0 0 0
2284 59890 1 2285
2285 59890 2 2286
2286 59890 3 2287
2287 59890 4 2288
2288 59890 5 2289
2289 59890 6 2290
2290 59890 7 2291
2291 59890 8 2292
2292 59890 9 2293
2293 59890 10 2294
2294 59890 11 2295
2295 59890 12 2296
2296 59890 13 2297
2297 59890 14 2298
2298 59890 15 2299
2299 59890 16 2300
2300 59890 17 2301
2301 59890 18 2302
2302 59890 19 2303
2303 59890 20 2304
2304 59890 21 2305
2305 59890 22 2306
2306 59890 23 2307
2307 59890 24 2308
2308 59890 25 2309
2309 59890 26 2310
2310 59890 27 2311
2311 59890 28 2312
2312 59890 29 2313
2313 59890 30 2314
2314 59890 31 2315
2315 59890 32 2316
2316 59890 33 2317
2317 59890 34 2318
2318 59890 35 2319
2319 59890 36 2320
2320 59890 37 2321
2321 59890 38 2322
2322 59890 39 2323
2323 59890 40 2324
2324 59890 41 2325
2325 59890 42 2326
2326 59890 43 2327
2327 59890 44 2328
2328 59890 45 2329
2329 59890 46 2330
2330 59890 47 2331
2331 59890 48 2332
2332 59890 49 2333
2333 59890 50 2334
2334 59890 51 2335
2335 59890 52 2336
2336 59890 53 2337
2337 59890 54 2338
2338 59890 55 2339
2339 59890 56 2340
2340 59890 57 2341
2341 59890 58 2342
2342 59890 59 2343
2343 59890 60 2344
2344 59890 61 2345
2345 59890 62 2346
2346 59890 63 2347
2347 59890 64 2348
2348 59890 65 2349
2349 59890 66 2350
2350 59890 67 2351
2351 59890 68 2352
2352 59890 69 2353
2353 59890 70 2354
2354 59890 71 2355
2355 59890 72 2356
2356 59890 73 2357
2357 59890 74 2358
2358 59890 75 2359
2359 59890 76 2360
2360 59890 77 2361
2361 59890 78 2362
2362 59890 79 2363
2363 59890 80 2364
2364 59890 81 2365
2365 59890 82 2366
2366 59890 83 2367
2367 59890 84 2368
2368 59890 85 2369
2369 59890 86 2370
2370 59890 87 2371
2371 59890 88 2372
2372 59890 89 2373
2373 59890 90 2374
2374 59890 91 2375
2375 59890 92 2376
2376 59890 93 2377
2377 59890 94 2378
2378 59890 95 2379
2379 59890 96 2380
2380 59890 97 2381
2381 59890 98 2382
2382 59890 99 2383
2383 59890 100 2384
2384 59890 101 2385
2385 59890 102 2386
2386 59890 103 2387
2387 59890 104 2388
2388 59890 105 2389
2389 59890 106 2390
2390 59890 107 2391
2391 59890 108 2392
2392 59890 109 2393
2393 59890 110 2394
2394 59890 111 2395
2395 59890 112 2396
2396 59890 113 2397
2397 59890 114 2398
2398 59890 115 2399
2399 59890 116 2400
2400 59890 117 2401
2401 59890 118 2402
2402 59890 119 2403
2403 59890 120 2404
2404 59890 121 2405
2405 59890 122 2406
2406 59890 123 2407
2407 59890 124 2408
2408 59890 125 2409
2409 59890 126 2410
2410 59890 127 2411
2411 59890 128 2412
2412 59890 129 2413
2413 59890 130 2414
2414 59890 131 2415
2415 59890 132 2416
2416 59890 133 2417
2417 59890 134 2418
2418 59890 135 2419
2419 59890 136 2420
2420 59890 137 2421
2421 59890 138 2422
2422 59890 139 2423
2423 59890 140 2424
2424 59890 141 2425
2425 59890 142 2426
2426 59890 143 2427
2427 59890 144 2428
2428 59890 145 2429
2429 59890 146 2430
2430 59890 147 2431
2431 59890 148 2432
2432 59890 149 2433
2433 59890 150 2434
2434 59890 151 2435
2435 59890 152 2436
2436 59890 153 2437
2437 59890 154 2438
2438 59890 155 2439
2439 59890 156 2440
2440 59890 157 2441
2441 59890 158 2442
2442 59890 159 2443
2443 59890 160 2444
2444 59890 161 2445
2445 59890 162 2446
2446 59890 163 2447
2447 59890 164 2448
2448 59890 165 2449
2449 59890 166 2450
2450 59890 167 2451
2451 59890 168 2452
2452 59890 169 2453
2453 59890 170 2454
2454 59890 171 2455
2455 59890 172 2456
2456 59890 173 2457
2457 59890 174 2458
2458 59890 175 2459
2459 59890 176 2460
2460 59890 177 2461
2461 59890 178 2462
2462 59890 179 2463
2463 59890 180 2464
2464 59890 181 2465
2465 59890 182 2466
2466 59890 183 2467
2467 59890 184 2468
2468 59890 185 2469
2469 59890 186 2470
2470 59890 187 2471
2471 59890 188 2472
2472 59890 189 2473
2473 59890 190 2474
2474 59890 191 2475
2475 59890 192 2476
2476 59890 193 2477
2477 59890 194 2478
2478 59890 195 2479
2479 59890 196 2480
2480 59890 197 2481
2481 59890 198 2482
2482 59890 199 2483
2483 59890 200 2484
2484 59890 201 2485
2485 59890 202 2486
2486 59890 203 2487
2487 59890 204 2488
2488 59890 205 2489
2489 59890 206 2490
2490 59890 207 2491
2491 59890 208 2492
2492 59890 209 2493
2493 59890 210 2494
2494 59890 211 2495
2495 59890 212 2496
2496 59890 213 2497
2497 59890 214 2498
2498 59890 215 2499
2499 59890 216 2500
2500 59890 217 2501
2501 59890 218 2502
2502 59890 219 2503
2503 59890 220 2504
2504 59890 221 2505
2505 59890 222 2506
2506 59890 223 2507
2507 59890 224 2508
2508 59890 225 2509
2509 59890 226 2510
2510 59890 227 2511
2511 59890 228 2512
2512 59890 229 2513
2513 59890 230 2514
2514 59890 231 2515
2515 59890 232 2516
2516 59890 233 2517
2517 59890 234 2518
2518 59890 235 2519
2519 59890 236 2520
2520 59890 237 2521
2521 59890 238 2522
2522 59890 239 2523
2523 59890 240 2524
2524 59890 241 2525
2525 59890 242 2526
2526 59890 243 2527
2527 59890 244 2528
2528 59890 245 2529
2529 59890 246 2530
2530 59890 247 2531
2531 59890 248 2532
2532 59890 249 2533
2533 59890 250 2534
2534 59890 251 2535
2535 59890 252 2536
2536 59890 253 2537
2537 59890 254 2538
2538 59890 255 2539
2539 59890 256 2540
2540 59890 257 2541
2541 59890 258 2542
2542 59890 259 2543
2543 59890 260 2544
2544 59890 261 2545
2545 59890 262 2546
2546 59890 263 2547
2547 59890 264 2548
2548 59890 265 2549
2549 59890 266 2550
2550 59890 267 2551
2551 59890 268 2552
2552 59890 269 2553
2553 59890 270 2554
2554 59890 271 2555
2555 59890 272 2556
2556 59890 273 2557
2557 59890 274 2558
2558 59890 275 2559
2559 59890 276 2560
2560 59890 277 2561
2561 59890 278 2562
2562 59890 279 2563
2563 59890 280 2564
2564 59890 281 2565
2565 59890 282 2566
2566 59890 283 2567
2567 59890 284 2568
2568 59890 285 2569
2569 59890 286 2570
2570 59890 287 2571
2571 59890 288 2572
2572 59890 289 2573
2573 59890 290 2574
2574 59890 291 2575
2575 59890 292 2576
2576 59890 293 2577
2577 59890 294 2578
2578 59890 295 2579
2579 59890 296 2580
2580 59890 297 2581
2581 59890 298 2582
2582 59890 299 2583
2583 59890 300 2584
2584 59890 301 2585
2585 59890 302 2586
2586 59890 303 2587
2587 59890 304 2588
2588 59890 305 2589
2589 59890 306 2590
2590 59890 307 2591
2591 59890 308 2592
2592 59890 309 2593
2593 59890 310 2594
2594 59890 311 2595
2595 59890 312 2596
2596 59890 313 2597
2597 59890 314 2598
2598 59890 315 2599
2599 59890 316 2600
2600 59890 317 2601
2601 59890 318 2602
2602 59890 319 2603
2603 59890 320 2604
2604 59890 321 2605
2605 59890 322 2606
2606 59890 323 2607
2607 59890 324 2608
2608 59890 325 2609
2609 59890 326 2610
2610 59890 327 2611
2611 59890 328 2612
2612 59890 329 2613
2613 59890 330 2614
2614 59890 331 2615
2615 59890 332 2616
2616 59890 333 2617
2617 59890 334 2618
2618 59890 335 2619
2619 59890 336 2620
2620 59890 337 2621
2621 59890 338 2622
2622 59890 339 2623
2623 59890 340 2624
2624 59890 341 2625
2625 59890 342 2626
2626 59890 343 2627
2627 59890 344 2628
2628 59890 345 2629
2629 59890 346 2630
2630 59890 347 2631
2631 59890 348 2632
2632 59890 349 2633
2633 59890 350 2634
2634 59890 351 2635
2635 59890 352 2636
2636 59890 353 2637
2637 59890 354 2638
2638 59890 355 2639
2639 59890 356 2640
2640 59890 357 2641
2641 59890 358 2642
2642 59890 359 2643
2643 59890 360 2644
2644 59890 361 2645
2645 59890 362 2646
2646 59890 363 2647
2647 59890 364 2648
2648 59890 365 2649
2649 59890 366 2650
2650 59890 367 2651
2651 59890 368 2652
2652 59890 369 2653
2653 59890 370 2654
2654 59890 371 2655
2655 59890 372 2656
2656 59890 373 2657
2657 59890 374 2658
2658 59890 375 2659
2659 59890 376 2660
2660 59890 377 2661
2661 59890 378 2662
2662 59890 379 2663
2663 59890 380 2664
2664 59890 381 2665
2665 59890 382 2666
2666 59890 383 2667
2667 59890 384 2668
2668 59890 385 2669
2669 59890 386 2670
2670 59890 387 2671
2671 59890 388 2672
2672 59890 389 2673
2673 59890 390 2674
2674 59890 391 2675
2675 59890 392 2676
2676 59890 393 2677
2677 59890 394 2678
2678 59890 395 2679
2679 59890 396 2680
2680 59890 397 2681
2681 59890 398 2682
2682 59890 399 2683
2683 59890 400 2684
2684 59890 401 2685
2685 59890 402 2686
2686 59890 403 2687
2687 59890 404 2688
2688 59890 405 2689
2689 59890 406 2690
2690 59890 407 2691
2691 59890 408 2692
2692 59890 409 2693
2693 59890 410 2694
2694 59890 411 2695
2695 59890 412 2696
2696 59890 413 2697
2697 59890 414 2698
2698 59890 415 2699
2699 59890 416 2700
2700 59890 417 2701
2701 59890 418 2702
2702 59890 419 2703
2703 59890 420 2704
2704 59890 421 2705
2705 59890 422 2706
2706 59890 423 2707
2707 59890 424 2708
2708 59890 425 2709
2709 59890 426 2710
2710 59890 427 2711
2711 59890 428 2712
2712 59890 429 2713
2713 59890 430 2714
2714 59890 431 2715
2715 59890 432 2716
2716 59890 433 2717
2717 59890 434 2718
2718 59890 435 2719
2719 59890 436 2720
2720 59890 437 2721
2721 59890 438 2722
2722 59890 439 2723
2723 59890 440 2724
2724 59890 441 2725
2725 59890 442 2726
2726 59890 443 2727
2727 59890 444 2728
2728 59890 445 2729
2729 59890 446 2730
2730 59890 447 2731
2731 59890 448 2732
2732 59890 449 2733
2733 59890 450 2734
2734 59890 451 2735
2735 59890 452 2736
2736 59890 453 2737
2737 59890 454 1
2738 58187 764 879
2739 0 0 0
2740 0 0 0
2741 58187 607 2848
2742 58187 1444 568
2743 58187 1471 1248
2744 58187 1301 1045
2745 0 0 0
2746 58187 393 4946
2747 58187 43 228
2748 0 0 0
2749 58187 1390 269
2750 58187 866 1156
2751 0 0 0
2752 58187 125 1477
2753 0 0 0
2754 58187 1077 4236
2755 7597 684 2756
2756 7597 685 2757
2757 7597 686 134
2758 7597 11 2759
2759 7597 12 2760
2760 7597 13 2774
2761 58187 825 4588
2762 0 0 0
2763 58187 1247 4618
2764 58187 1752 4867
2765 0 0 0
2766 58187 511 3089
2767 0 0 0
2768 49309 28 2769
2769 49309 29 2770
2770 49309 30 2116
2771 58187 433 4547
2772 58187 1297 3080
2773 58187 962 1386
2774 7597 14 2775
2775 7597 15 2776
2776 7597 16 2777
2777 7597 17 2778
2778 7597 18 3298
2779 58187 200 1626
2780 58187 1127 2906
2781 58187 689 660
2782 58187 358 226
2783 0 0 0
2784 49309 135 2785
2785 49309 136 916
2786 58187 1738 1588
2787 58187 1033 4494
2788 0 0 0
2789 58187 1421 1329
2790 58187 90 3194
2791 0 0 0
2792 58187 1159 216
2793 49309 307 2794
2794 49309 308 2795
2795 49309 309 1036
2796 58187 892 4272
2797 58187 1006 2842
2798 58187 1125 4449
2799 58187 1651 3005
2800 49309 318 2801
2801 49309 319 980
2802 58187 1255 1619
2803 58187 64 774
2804 49309 46 2805
2805 49309 47 4937
2806 58187 1594 2170
2807 0 0 0
2808 58187 1282 1700
2809 0 0 0
2810 0 0 0
2811 0 0 0
2812 58187 1154 750
2813 0 0 0
2814 58187 5 1676
2815 0 0 0
2816 58187 318 2037
2817 0 0 0
2818 7597 195 2819
2819 7597 196 2820
2820 7597 197 2821
2821 7597 198 54
2822 58187 838 3501
2823 0 0 0
2824 58187 712 1196
2825 58187 260 4712
2826 58187 840 1758
2827 0 0 0
2828 0 0 0
2829 58187 188 2247
2830 58187 768 4929
2831 0 0 0
2832 58187 217 4657
2833 58187 1360 4143
2834 58187 851 804
2835 58187 669 4814
2836 58187 163 4682
2837 0 0 0
2838 58187 1239 4390
2839 0 0 0
2840 49309 42 2841
2841 49309 43 4075
2842 58187 1007 2244
2843 0 0 0
2844 58187 243 2900
2845 0 0 0
2846 58187 763 2738
2847 58187 1314 1952
2848 58187 608 4360
2849 0 0 0
2850 58187 836 2903
2851 58187 1640 3396
2852 58187 1358 4599
2853 7597 862 2854
2854 7597 863 2855
2855 7597 864 1331
2856 58187 362 3602
2857 0 0 0
2858 58187 63 2803
2859 0 0 0
2860 58187 361 2856
2861 0 0 0
2862 58187 267 1986
2863 0 0 0
2864 58187 250 1972
2865 0 0 0
2866 58187 929 3156
2867 58187 517 1008
2868 0 0 0
2869 58187 1558 1152
2870 0 0 0
2871 58187 1379 2222
2872 7597 410 2873
2873 7597 411 4823
2874 58187 247 1270
2875 49309 34 2876
2876 49309 35 2877
2877 49309 36 279
2878 58187 1674 4464
2879 0 0 0
2880 49309 362 2881
2881 49309 363 531
2882 58187 747 1460
2883 0 0 0
2884 58187 1105 1263
2885 58187 524 3360
2886 58187 1393 1197
2887 0 0 0
2888 58187 906 4915
2889 0 0 0
2890 58187 749 138
2891 0 0 0
2892 49309 62 2893
2893 49309 63 4990
2894 58187 1399 1822
2895 0 0 0
2896 58187 723 977
2897 0 0 0
2898 0 0 0
2899 0 0 0
2900 58187 244 1182
2901 58187 400 4960
2902 58187 1668 1493
2903 58187 837 2822
2904 58187 1546 1512
2905 0 0 0
2906 58187 1128 472
2907 58187 1433 4837
2908 7597 913 2909
2909 7597 914 337
2910 58187 1375 4656
2911 0 0 0
2912 58187 1305 3067
2913 0 0 0
2914 58187 1343 2920
2915 58187 1218 3114
2916 0 0 0
2917 58187 1654 3726
2918 58187 272 1958
2919 0 0 0
2920 58187 1344 3749
2921 0 0 0
2922 58187 1482 330
2923 0 0 0
2924 58187 1003 1850
2925 0 0 0
2926 58187 801 3055
2927 0 0 0
2928 58187 998 1784
2929 0 0 0
2930 58187 1091 1809
2931 0 0 0
2932 0 0 0
2933 58187 311 2040
2934 7597 778 2935
2935 7597 779 2936
2936 7597 780 2937
2937 7597 781 942
2938 58187 553 1746
2939 0 0 0
2940 58187 815 641
2941 7597 356 2942
2942 7597 357 2943
2943 7597 358 2944
2944 7597 359 2945
2945 7597 360 1093
2946 58187 29 3242
2947 58187 219 1256
2948 58187 379 4934
2949 58187 309 2098
2950 0 0 0
2951 58187 939 1233
2952 0 0 0
2953 58187 1292 3650
2954 58187 1185 1089
2955 58187 138 2270
2956 58187 472 1946
2957 0 0 0
2958 58187 727 2970
2959 7597 254 2960
2960 7597 255 2961
2961 7597 256 3343
2962 58187 1644 929
2963 7597 606 2964
2964 7597 607 2965
2965 7597 608 4897
2966 58187 1601 1030
2967 0 0 0
2968 0 0 0
2969 58187 50 4338
2970 58187 728 2034
2971 0 0 0
2972 49309 66 2973
2973 49309 67 2974
2974 49309 68 2975
2975 49309 69 4437
2976 58187 84 1476
2977 58187 842 4713
2978 0 0 0
2979 0 0 0
2980 58187 646 4681
2981 7597 806 2982
2982 7597 807 2983
2983 7597 808 4380
2984 58187 659 4931
2985 58187 828 1525
2986 58187 33 3416
2987 0 0 0
2988 58187 232 736
2989 0 0 0
2990 58187 1065 4868
2991 0 0 0
2992 58187 501 1769
2993 0 0 0
2994 58187 1076 2754
2995 7597 671 2996
2996 7597 672 2997
2997 7597 673 3006
2998 58187 730 3012
2999 0 0 0
3000 49309 76 3001
3001 49309 77 3002
3002 49309 78 3003
3003 49309 79 4624
3004 58187 41 4118
3005 58187 1652 487
3006 7597 674 3007
3007 7597 675 3008
3008 7597 676 3009
3009 7597 677 3010
3010 7597 678 3011
3011 7597 679 418
3012 58187 731 3448
3013 49309 104 3014
3014 49309 105 3015
3015 49309 106 3386
3016 49309 40 3017
3017 49309 41 2840
3018 58187 602 4820
3019 0 0 0
3020 58187 61 1744
3021 0 0 0
3022 58187 1503 4218
3023 49309 117 3024
3024 49309 118 3025
3025 49309 119 3729
3026 58187 1209 344
3027 0 0 0
3028 58187 1474 170
3029 0 0 0
3030 7597 415 3031
3031 7597 416 3032
3032 7597 417 1826
3033 58187 686 1092
3034 0 0 0
3035 0 0 0
3036 58187 66 2140
3037 58187 1352 2162
3038 49309 428 3039
3039 49309 429 1426
3040 58187 1027 768
3041 0 0 0
3042 0 0 0
3043 0 0 0
3044 58187 740 3220
3045 0 0 0
3046 58187 1715 1227
3047 58187 725 4992
3048 58187 340 759
3049 0 0 0
3050 58187 257 3646
3051 0 0 0
3052 0 0 0
3053 58187 613 4616
3054 0 0 0
3055 58187 802 1276
3056 7597 62 3057
3057 7597 63 3058
3058 7597 64 3059
3059 7597 65 3060
3060 7597 66 3061
3061 7597 67 3208
3062 58187 1470 2743
3063 58187 969 4498
3064 58187 1672 3289
3065 0 0 0
3066 58187 8 994
3067 58187 1306 2089
3068 58187 1656 1581
3069 0 0 0
3070 0 0 0
3071 58187 1326 1877
3072 0 0 0
3073 58187 451 1142
3074 0 0 0
3075 0 0 0
3076 7597 457 3077
3077 7597 458 3078
3078 7597 459 3079
3079 7597 460 1818
3080 58187 1298 4669
3081 0 0 0
3082 58187 650 4786
3083 0 0 0
3084 0 0 0
3085 58187 1518 1380
3086 0 0 0
3087 58187 541 4526
3088 58187 3 4084
3089 58187 512 4315
3090 58187 1412 2132
3091 58187 886 110
3092 49309 388 3093
3093 49309 389 498
3094 58187 225 3716
3095 0 0 0
3096 58187 675 4250
3097 0 0 0
3098 58187 1618 3352
3099 58187 1070 3179
3100 7597 26 3101
3101 7597 27 3102
3102 7597 28 3103
3103 7597 29 1220
3104 58187 397 3582
3105 0 0 0
3106 58187 1317 1918
3107 0 0 0
3108 49309 280 3109
3109 49309 281 1296
3110 58187 373 645
3111 7597 994 3112
3112 7597 995 3113
3113 7597 996 3161
3114 58187 1219 3138
3115 58187 1751 2764
3116 0 0 0
3117 58187 516 2867
3118 0 0 0
3119 0 0 0
3120 58187 696 160
3121 58187 1180 1061
3122 0 0 0
3123 58187 1599 1653
3124 0 0 0
3125 58187 1309 3167
3126 0 0 0
3127 58187 1225 1509
3128 58187 638 4529
3129 0 0 0
3130 0 0 0
3131 0 0 0
3132 7597 352 3133
3133 7597 353 3134
3134 7597 354 3135
3135 7597 355 2941
3136 58187 1661 252
3137 0 0 0
3138 58187 1220 633
3139 58187 949 432
3140 49309 284 3141
3141 49309 285 74
3142 58187 617 4377
3143 58187 1029 1851
3144 49309 416 3145
3145 49309 417 4387
3146 58187 927 2006
3147 0 0 0
3148 0 0 0
3149 58187 1725 1407
3150 58187 920 1990
3151 0 0 0
3152 58187 1094 2257
3153 0 0 0
3154 58187 1273 847
3155 0 0 0
3156 58187 930 4807
3157 0 0 0
3158 58187 982 928
3159 0 0 0
3160 58187 417 616
3161 7597 997 3162
3162 7597 998 3163
3163 7597 999 4972
3164 58187 75 2060
3165 0 0 0
3166 58187 1550 1350
3167 58187 1310 3327
3168 0 0 0
3169 58187 1122 4100
3170 58187 1541 772
3171 58187 449 4850
3172 58187 1156 3468
3173 0 0 0
3174 58187 1498 4640
3175 0 0 0
3176 58187 334 4652
3177 0 0 0
3178 0 0 0
3179 58187 1071 956
3180 0 0 0
3181 58187 1477 1688
3182 49309 246 3183
3183 49309 247 1212
3184 58187 470 4762
3185 7597 983 3186
3186 7597 984 3187
3187 7597 985 3656
3188 58187 1037 4469
3189 58187 873 595
3190 58187 861 4424
3191 0 0 0
3192 58187 1328 358
3193 0 0 0
3194 58187 91 1150
3195 0 0 0
3196 58187 710 4510
3197 58187 194 1202
3198 7597 700 3199
3199 7597 701 3200
3200 7597 702 3201
3201 7597 703 2264
3202 58187 1296 2772
3203 0 0 0
3204 58187 1432 2907
3205 58187 1268 3548
3206 0 0 0
3207 58187 1737 2786
3208 7597 68 3209
3209 7597 69 3210
3210 7597 70 3211
3211 7597 71 3212
3212 7597 72 3213
3213 7597 73 4296
3214 58187 444 2197
3215 0 0 0
3216 49309 51 3217
3217 49309 52 4980
3218 58187 259 2825
3219 0 0 0
3220 58187 741 2068
3221 0 0 0
3222 7597 428 3223
3223 7597 429 3224
3224 7597 430 3225
3225 7597 431 3226
3226 7597 432 3227
3227 7597 433 3228
3228 7597 434 4395
3229 58187 1691 1640
3230 0 0 0
3231 58187 1044 1398
3232 58187 960 239
3233 0 0 0
3234 58187 7 3066
3235 58187 561 1410
3236 58187 1441 4246
3237 0 0 0
3238 58187 678 408
3239 7597 494 3240
3240 7597 495 3241
3241 7597 496 569
3242 58187 30 4460
3243 0 0 0
3244 58187 619 404
3245 0 0 0
3246 7597 724 3247
3247 7597 725 3248
3248 7597 726 3249
3249 7597 727 466
3250 58187 1204 1228
3251 0 0 0
3252 58187 385 4184
3253 0 0 0
3254 58187 414 507
3255 7597 789 3256
3256 7597 790 3257
3257 7597 791 3258
3258 7597 792 3259
3259 7597 793 1158
3260 58187 1464 4310
3261 0 0 0
3262 58187 1747 3575
3263 58187 863 4475
3264 7597 828 3265
3265 7597 829 3266
3266 7597 830 3267
3267 7597 831 4736
3268 58187 1636 4893
3269 0 0 0
3270 58187 1575 3362
3271 0 0 0
3272 58187 1681 3394
3273 58187 1620 391
3274 58187 888 1403
3275 0 0 0
3276 58187 221 3281
3277 0 0 0
3278 58187 622 1134
3279 0 0 0
3280 0 0 0
3281 58187 222 446
3282 58187 1148 4863
3283 0 0 0
3284 58187 1202 1841
3285 0 0 0
3286 58187 996 4819
3287 0 0 0
3288 58187 274 718
3289 58187 1673 2878
3290 58187 1553 4545
3291 58187 114 1384
3292 7597 50 3293
3293 7597 51 3294
3294 7597 52 3295
3295 7597 53 2056
3296 58187 1117 1434
3297 0 0 0
3298 7597 19 3299
3299 7597 20 3300
3300 7597 21 3301
3301 7597 22 3302
3302 7597 23 3303
3303 7597 24 3304
3304 7597 25 3100
3305 58187 495 267
3306 58187 420 368
3307 0 0 0
3308 58187 1454 1558
3309 0 0 0
3310 58187 1446 1802
3311 7597 942 3312
3312 7597 943 3313
3313 7597 944 4674
3314 58187 240 652
3315 0 0 0
3316 58187 80 574
3317 0 0 0
3318 0 0 0
3319 0 0 0
3320 58187 965 4548
3321 0 0 0
3322 58187 1437 2119
3323 0 0 0
3324 58187 539 3648
3325 0 0 0
3326 58187 717 4801
3327 58187 1311 304
3328 58187 346 1912
3329 0 0 0
3330 58187 1223 3750
3331 0 0 0
3332 58187 1231 3680
3333 0 0 0
3334 0 0 0
3335 0 0 0
3336 58187 193 3197
3337 0 0 0
3338 58187 1591 520
3339 0 0 0
3340 58187 1026 3040
3341 0 0 0
3342 58187 627 2076
3343 7597 257 3344
3344 7597 258 3345
3345 7597 259 3346
3346 7597 260 3347
3347 7597 261 3348
3348 7597 262 1621
3349 58187 1270 348
3350 58187 986 1641
3351 58187 1648 1675
3352 58187 1619 3273
3353 0 0 0
3354 49309 312 3355
3355 49309 313 104
3356 58187 28 2946
3357 0 0 0
3358 58187 624 1824
3359 0 0 0
3360 58187 525 504
3361 0 0 0
3362 58187 1576 1043
3363 49309 458 3364
3364 49309 459 3365
3365 49309 460 4802
3366 58187 344 1627
3367 58187 1688 813
3368 0 0 0
3369 0 0 0
3370 58187 1057 654
3371 0 0 0
3372 0 0 0
3373 58187 491 946
3374 7597 560 3375
3375 7597 561 3376
3376 7597 562 3506
3377 58187 1244 1786
3378 49309 347 3379
3379 49309 348 4976
3380 58187 1659 4344
3381 0 0 0
3382 58187 236 4476
3383 0 0 0
3384 58187 461 62
3385 0 0 0
3386 49309 107 3387
3387 49309 108 4521
3388 58187 399 2901
3389 0 0 0
3390 58187 1510 4294
3391 0 0 0
3392 58187 1275 4284
3393 0 0 0
3394 58187 1682 2152
3395 0 0 0
3396 58187 1641 4676
3397 7597 296 3398
3398 7597 297 3399
3399 7597 298 3400
3400 7597 299 3401
3401 7597 300 3402
3402 7597 301 3672
3403 58187 1564 600
3404 58187 1227 1859
3405 58187 270 4231
3406 0 0 0
3407 0 0 0
3408 58187 287 794
3409 0 0 0
3410 58187 1468 3492
3411 7597 318 3412
3412 7597 319 3413
3413 7597 320 3414
3414 7597 321 1569
3415 58187 151 4838
3416 58187 34 242
3417 0 0 0
3418 58187 160 3660
3419 7597 695 3420
3420 7597 696 3421
3421 7597 697 3422
3422 7597 698 3423
3423 7597 699 3198
3424 58187 936 4462
3425 0 0 0
3426 7597 268 3427
3427 7597 269 3428
3428 7597 270 3429
3429 7597 271 3430
3430 7597 272 4409
3431 58187 772 4150
3432 49309 241 3433
3433 49309 242 2017
3434 58187 1663 1021
3435 0 0 0
3436 0 0 0
3437 0 0 0
3438 58187 884 1068
3439 0 0 0
3440 58187 760 1735
3441 0 0 0
3442 58187 789 3504
3443 49309 288 3444
3444 49309 289 3445
3445 49309 290 1031
3446 58187 1184 2954
3447 0 0 0
3448 58187 732 4416
3449 0 0 0
3450 7597 650 3451
3451 7597 651 3452
3452 7597 652 1264
3453 58187 391 1049
3454 58187 673 4994
3455 0 0 0
3456 0 0 0
3457 7597 647 3458
3458 7597 648 3459
3459 7597 649 3450
3460 58187 1583 4265
3461 0 0 0
3462 49309 131 3463
3463 49309 132 3736
3464 58187 700 1712
3465 49309 375 3466
3466 49309 376 3467
3467 49309 377 3499
3468 58187 1157 4866
3469 0 0 0
3470 58187 1100 73
3471 0 0 0
3472 58187 1757 4198
3473 58187 301 742
3474 7597 385 3475
3475 7597 386 3476
3476 7597 387 3477
3477 7597 388 3478
3478 7597 389 3479
3479 7597 390 1136
3480 58187 809 2220
3481 0 0 0
3482 58187 1420 2789
3483 0 0 0
3484 58187 1022 448
3485 0 0 0
3486 58187 1513 4227
3487 49309 213 3488
3488 49309 214 3489
3489 49309 215 1631
3490 58187 1103 657
3491 0 0 0
3492 58187 1469 3062
3493 0 0 0
3494 7597 770 3495
3495 7597 771 3496
3496 7597 772 3497
3497 7597 773 1147
3498 58187 865 2750
3499 49309 378 3500
3500 49309 379 820
3501 58187 839 2826
3502 58187 320 33
3503 0 0 0
3504 58187 790 2084
3505 0 0 0
3506 7597 563 3507
3507 7597 564 3508
3508 7597 565 3509
3509 7597 566 2134
3510 58187 977 4694
3511 58187 1507 4678
3512 7597 170 3513
3513 7597 171 3514
3514 7597 172 3515
3515 7597 173 3516
3516 7597 174 3517
3517 7597 175 3518
3518 7597 176 3519
3519 7597 177 3707
3520 58187 1517 3085
3521 0 0 0
3522 58187 133 4877
3523 0 0 0
3524 0 0 0
3525 0 0 0
3526 58187 107 1999
3527 0 0 0
3528 49309 176 3529
3529 49309 177 3530
3530 49309 178 3531
3531 49309 179 987
3532 58187 1736 3207
3533 58187 1138 4970
3534 58187 1397 3715
3535 58187 2 3088
3536 49309 259 3537
3537 49309 260 3538
3538 49309 261 4576
3539 58187 1135 598
3540 58187 404 2008
3541 0 0 0
3542 58187 36 204
3543 58187 1237 1679
3544 49309 95 3545
3545 49309 96 52
3546 58187 196 1096
3547 0 0 0
3548 58187 1269 3349
3549 0 0 0
3550 58187 1265 1392
3551 58187 396 3104
3552 58187 1236 3543
3553 0 0 0
3554 58187 1754 2233
3555 7597 935 3556
3556 7597 936 3557
3557 7597 937 3558
3558 7597 938 18
3559 58187 598 1592
3560 58187 1548 4562
3561 0 0 0
3562 7597 965 3563
3563 7597 966 4642
3564 58187 1522 1774
3565 0 0 0
3566 58187 903 324
3567 0 0 0
3568 58187 1527 3670
3569 7597 506 3570
3570 7597 507 3571
3571 7597 508 4690
3572 58187 1396 3534
3573 58187 1108 99
3574 58187 1051 2144
3575 58187 1748 2254
3576 49309 404 406
3577 58187 1710 4071
3578 58187 919 3150
3579 58187 808 3480
3580 58187 154 2022
3581 58187 746 2882
3582 58187 398 3388
3583 0 0 0
3584 49309 170 3585
3585 49309 171 932
3586 58187 72 4252
3587 0 0 0
3588 58187 1418 1390
3589 58187 1189 1337
3590 58187 570 828
3591 0 0 0
3592 58187 264 1211
3593 0 0 0
3594 58187 1611 4336
3595 0 0 0
3596 58187 1744 729
3597 0 0 0
3598 7597 502 3599
3599 7597 503 3600
3600 7597 504 3601
3601 7597 505 3569
3602 58187 363 1396
3603 0 0 0
3604 7597 227 3605
3605 7597 228 3606
3606 7597 229 972
3607 58187 642 685
3608 58187 1110 322
3609 0 0 0
3610 58187 1495 1518
3611 0 0 0
3612 58187 102 1430
3613 0 0 0
3614 58187 911 2065
3615 58187 552 2938
3616 58187 1153 2812
3617 58187 944 222
3618 0 0 0
3619 58187 793 4478
3620 58187 141 3734
3621 7597 307 3622
3622 7597 308 3623
3623 7597 309 1108
3624 58187 159 3418
3625 49309 86 3626
3626 49309 87 3627
3627 49309 88 2142
3628 58187 564 3724
3629 58187 550 10
3630 58187 357 2782
3631 0 0 0
3632 7597 46 3633
3633 7597 47 3634
3634 7597 48 3635
3635 7597 49 3292
3636 58187 79 3316
3637 58187 137 2955
3638 0 0 0
3639 0 0 0
3640 58187 354 954
3641 58187 130 1724
3642 0 0 0
3643 58187 337 4512
3644 0 0 0
3645 0 0 0
3646 58187 258 3218
3647 0 0 0
3648 58187 540 3087
3649 58187 664 1490
3650 58187 1293 2176
3651 0 0 0
3652 58187 1411 3090
3653 0 0 0
3654 58187 485 4591
3655 0 0 0
3656 7597 986 3657
3657 7597 987 4664
3658 58187 1277 208
3659 0 0 0
3660 58187 161 1290
3661 58187 1717 766
3662 58187 1039 1282
3663 0 0 0
3664 49309 82 3665
3665 49309 83 3666
3666 49309 84 3667
3667 49309 85 3625
3668 58187 976 3510
3669 0 0 0
3670 58187 1528 4910
3671 0 0 0
3672 7597 302 3673
3673 7597 303 3674
3674 7597 304 4568
3675 58187 1285 1898
3676 58187 1192 80
3677 0 0 0
3678 58187 834 4311
3679 0 0 0
3680 58187 1232 606
3681 0 0 0
3682 58187 1096 1206
3683 0 0 0
3684 58187 1161 4923
3685 0 0 0
3686 58187 827 2985
3687 0 0 0
3688 58187 423 1785
3689 49309 140 3690
3690 49309 141 213
3691 58187 105 992
3692 58187 82 4228
3693 7597 885 3694
3694 7597 886 3695
3695 7597 887 1811
3696 58187 510 2766
3697 0 0 0
3698 58187 575 296
3699 0 0 0
3700 58187 1480 196
3701 58187 1506 3511
3702 0 0 0
3703 58187 1313 2847
3704 0 0 0
3705 58187 1622 389
3706 0 0 0
3707 7597 178 3708
3708 7597 179 3709
3709 7597 180 3710
3710 7597 181 3711
3711 7597 182 3712
3712 7597 183 3713
3713 7597 184 4167
3714 58187 1516 3520
3715 58187 1398 2894
3716 58187 226 1495
3717 0 0 0
3718 0 0 0
3719 7597 325 3720
3720 7597 326 3721
3721 7597 327 3722
3722 7597 328 3723
3723 7597 329 698
3724 58187 565 4146
3725 0 0 0
3726 58187 1655 3068
3727 0 0 0
3728 58187 831 1528
3729 49309 120 3730
3730 49309 121 3731
3731 49309 122 3732
3732 49309 123 306
3733 58187 1335 1742
3734 58187 142 434
3735 0 0 0
3736 49309 133 3737
3737 49309 134 2784
3738 58187 1257 4808
3739 58187 682 1938
3740 0 0 0
3741 7597 276 3742
3742 7597 277 3743
3743 7597 278 3744
3744 7597 279 3745
3745 7597 280 1026
3746 58187 1093 3152
3747 58187 1586 2036
3748 58187 1603 590
3749 58187 1345 4911
3750 58187 1224 3127
3751 58187 1124 2798
3752 0 0 0
3753 52902 1 3754
3754 52902 2 3755
3755 52902 3 3756
3756 52902 4 3757
3757 52902 5 3758
3758 52902 6 3759
3759 52902 7 3760
3760 52902 8 3761
3761 52902 9 3762
3762 52902 10 3763
3763 52902 11 3764
3764 52902 12 3765
3765 52902 13 3766
3766 52902 14 3767
3767 52902 15 3768
3768 52902 16 3769
3769 52902 17 3770
3770 52902 18 3771
3771 52902 19 3772
3772 52902 20 3773
3773 52902 21 3774
3774 52902 22 3775
3775 52902 23 3776
3776 52902 24 3777
3777 52902 25 3778
3778 52902 26 3779
3779 52902 27 3780
3780 52902 28 3781
3781 52902 29 3782
3782 52902 30 3783
3783 52902 31 3784
3784 52902 32 3785
3785 52902 33 3786
3786 52902 34 3787
3787 52902 35 3788
3788 52902 36 3789
3789 52902 37 3790
3790 52902 38 3791
3791 52902 39 3792
3792 52902 40 3793
3793 52902 41 3794
3794 52902 42 3795
3795 52902 43 3796
3796 52902 44 3797
3797 52902 45 3798
3798 52902 46 3799
3799 52902 47 3800
3800 52902 48 3801
3801 52902 49 3802
3802 52902 50 3803
3803 52902 51 3804
3804 52902 52 3805
3805 52902 53 3806
3806 52902 54 3807
3807 52902 55 3808
3808 52902 56 3809
3809 52902 57 3810
3810 52902 58 3811
3811 52902 59 3812
3812 52902 60 3813
3813 52902 61 3814
3814 52902 62 3815
3815 52902 63 3816
3816 52902 64 3817
3817 52902 65 3818
3818 52902 66 3819
3819 52902 67 3820
3820 52902 68 3821
3821 52902 69 3822
3822 52902 70 3823
3823 52902 71 3824
3824 52902 72 3825
3825 52902 73 3826
3826 52902 74 3827
3827 52902 75 3828
3828 52902 76 3829
3829 52902 77 3830
3830 52902 78 3831
3831 52902 79 3832
3832 52902 80 3833
3833 52902 81 3834
3834 52902 82 3835
3835 52902 83 3836
3836 52902 84 3837
3837 52902 85 3838
3838 52902 86 3839
3839 52902 87 3840
3840 52902 88 3841
3841 52902 89 3842
3842 52902 90 3843
3843 52902 91 3844
3844 52902 92 3845
3845 52902 93 3846
3846 52902 94 3847
3847 52902 95 3848
3848 52902 96 3849
3849 52902 97 3850
3850 52902 98 3851
3851 52902 99 3852
3852 52902 100 3853
3853 52902 101 3854
3854 52902 102 3855
3855 52902 103 3856
3856 52902 104 3857
3857 52902 105 3858
3858 52902 106 3859
3859 52902 107 3860
3860 52902 108 3861
3861 52902 109 3862
3862 52902 110 3863
3863 52902 111 3864
3864 52902 112 3865
3865 52902 113 3866
3866 52902 114 3867
3867 52902 115 3868
3868 52902 116 3869
3869 52902 117 3870
3870 52902 118 3871
3871 52902 119 3872
3872 52902 120 3873
3873 52902 121 3874
3874 52902 122 3875
3875 52902 123 3876
3876 52902 124 3877
3877 52902 125 3878
3878 52902 126 3879
3879 52902 127 3880
3880 52902 128 3881
3881 52902 129 3882
3882 52902 130 3883
3883 52902 131 3884
3884 52902 132 3885
3885 52902 133 3886
3886 52902 134 3887
3887 52902 135 3888
3888 52902 136 3889
3889 52902 137 3890
3890 52902 138 3891
3891 52902 139 3892
3892 52902 140 3893
3893 52902 141 3894
3894 52902 142 3895
3895 52902 143 3896
3896 52902 144 3897
3897 52902 145 3898
3898 52902 146 3899
3899 52902 147 3900
3900 52902 148 3901
3901 52902 149 3902
3902 52902 150 3903
3903 52902 151 3904
3904 52902 152 3905
3905 52902 153 3906
3906 52902 154 3907
3907 52902 155 3908
3908 52902 156 3909
3909 52902 157 3910
3910 52902 158 3911
3911 52902 159 3912
3912 52902 160 3913
3913 52902 161 3914
3914 52902 162 3915
3915 52902 163 3916
3916 52902 164 3917
3917 52902 165 3918
3918 52902 166 3919
3919 52902 167 3920
3920 52902 168 3921
3921 52902 169 3922
3922 52902 170 3923
3923 52902 171 3924
3924 52902 172 3925
3925 52902 173 3926
3926 52902 174 3927
3927 52902 175 3928
3928 52902 176 3929
3929 52902 177 3930
3930 52902 178 3931
3931 52902 179 3932
3932 52902 180 3933
3933 52902 181 3934
3934 52902 182 3935
3935 52902 183 3936
3936 52902 184 3937
3937 52902 185 3938
3938 52902 186 3939
3939 52902 187 3940
3940 52902 188 3941
3941 52902 189 3942
3942 52902 190 3943
3943 52902 191 3944
3944 52902 192 3945
3945 52902 193 3946
3946 52902 194 3947
3947 52902 195 3948
3948 52902 196 3949
3949 52902 197 3950
3950 52902 198 3951
3951 52902 199 3952
3952 52902 200 3953
3953 52902 201 3954
3954 52902 202 3955
3955 52902 203 3956
3956 52902 204 3957
3957 52902 205 3958
3958 52902 206 3959
3959 52902 207 3960
3960 52902 208 3961
3961 52902 209 3962
3962 52902 210 3963
3963 52902 211 3964
3964 52902 212 3965
3965 52902 213 3966
3966 52902 214 3967
3967 52902 215 3968
3968 52902 216 3969
3969 52902 217 3970
3970 52902 218 3971
3971 52902 219 3972
3972 52902 220 3973
3973 52902 221 3974
3974 52902 222 3975
3975 52902 223 3976
3976 52902 224 3977
3977 52902 225 3978
3978 52902 226 3979
3979 52902 227 3980
3980 52902 228 3981
3981 52902 229 3982
3982 52902 230 3983
3983 52902 231 3984
3984 52902 232 3985
3985 52902 233 3986
3986 52902 234 3987
3987 52902 235 3988
3988 52902 236 3989
3989 52902 237 3990
3990 52902 238 3991
3991 52902 239 3992
3992 52902 240 3993
3993 52902 241 3994
3994 52902 242 3995
3995 52902 243 3996
3996 52902 244 3997
3997 52902 245 3998
3998 52902 246 3999
3999 52902 247 4000
4000 52902 248 4001
4001 52902 249 4002
4002 52902 250 4003
4003 52902 251 4004
4004 52902 252 4005
4005 52902 253 4006
4006 52902 254 4007
4007 52902 255 4008
4008 52902 256 4009
4009 52902 257 4010
4010 52902 258 4011
4011 52902 259 4012
4012 52902 260 4013
4013 52902 261 4014
4014 52902 262 4015
4015 52902 263 4016
4016 52902 264 4017
4017 52902 265 4018
4018 52902 266 4019
4019 52902 267 4020
4020 52902 268 4021
4021 52902 269 4022
4022 52902 270 4023
4023 52902 271 4024
4024 52902 272 4025
4025 52902 273 4026
4026 52902 274 4027
4027 52902 275 4028
4028 52902 276 4029
4029 52902 277 4030
4030 52902 278 4031
4031 52902 279 4032
4032 52902 280 4033
4033 52902 281 4034
4034 52902 282 4035
4035 52902 283 4036
4036 52902 284 4037
4037 52902 285 4038
4038 52902 286 4039
4039 52902 287 4040
4040 52902 288 4041
4041 52902 289 4042
4042 52902 290 4043
4043 52902 291 4044
4044 52902 292 4045
4045 52902 293 4046
4046 52902 294 4047
4047 52902 295 4048
4048 52902 296 4049
4049 52902 297 4050
4050 52902 298 4051
4051 52902 299 4052
4052 52902 300 4053
4053 52902 301 4054
4054 52902 302 4055
4055 52902 303 4056
4056 52902 304 4057
4057 52902 305 4058
4058 52902 306 4059
4059 52902 307 4060
4060 52902 308 4061
4061 52902 309 4062
4062 52902 310 4063
4063 52902 311 4064
4064 52902 312 4065
4065 52902 313 4066
4066 52902 314 1
4067 58187 910 3614
4068 58187 755 1005
4069 0 0 0
4070 0 0 0
4071 58187 1711 286
4072 58187 1196 132
4073 0 0 0
4074 58187 766 4356
4075 49309 44 4076
4076 49309 45 2804
4077 58187 1140 4340
4078 58187 187 2829
4079 0 0 0
4080 58187 604 554
4081 58187 846 4582
4082 49309 412 4083
4083 49309 413 4916
4084 58187 4 2814
4085 49309 327 4086
4086 49309 328 4087
4087 49309 329 1750
4088 58187 817 4124
4089 0 0 0
4090 58187 1019 1591
4091 58187 770 1638
4092 0 0 0
4093 58187 1732 2026
4094 58187 1207 548
4095 0 0 0
4096 0 0 0
4097 58187 1041 158
4098 58187 1351 3037
4099 0 0 0
4100 58187 1123 3751
4101 0 0 0
4102 58187 456 1718
4103 0 0 0
4104 58187 463 1881
4105 0 0 0
4106 58187 1049 4726
4107 0 0 0
4108 58187 1392 2886
4109 0 0 0
4110 7597 760 4111
4111 7597 761 2003
4112 58187 477 824
4113 0 0 0
4114 58187 175 4780
4115 0 0 0
4116 58187 191 1020
4117 58187 567 148
4118 58187 42 2747
4119 0 0 0
4120 0 0 0
4121 49309 145 4122
4122 49309 146 4123
4123 49309 147 4830
4124 58187 818 1199
4125 7597 595 4126
4126 7597 596 4127
4127 7597 597 1982
4128 58187 277 1044
4129 7597 765 4130
4130 7597 766 4131
4131 7597 767 4132
4132 7597 768 4133
4133 7597 769 3494
4134 58187 705 436
4135 58187 184 1603
4136 7597 776 4137
4137 7597 777 2934
4138 58187 1430 1642
4139 0 0 0
4140 58187 1120 460
4141 0 0 0
4142 0 0 0
4143 58187 1361 4826
4144 58187 1372 2215
4145 58187 979 4176
4146 58187 566 4117
4147 0 0 0
4148 49309 436 4149
4149 49309 437 4479
4150 58187 773 415
4151 0 0 0
4152 49309 24 4153
4153 49309 25 4154
4154 49309 26 4155
4155 49309 27 2768
4156 58187 246 2874
4157 0 0 0
4158 7597 39 4159
4159 7597 40 4160
4160 7597 41 4161
4161 7597 42 4162
4162 7597 43 4163
4163 7597 44 4164
4164 7597 45 3632
4165 58187 1217 2915
4166 0 0 0
4167 7597 185 4168
4168 7597 186 4169
4169 7597 187 4170
4170 7597 188 4237
4171 58187 453 369
4172 58187 1384 1533
4173 7597 947 4174
4174 7597 948 4175
4175 7597 949 4704
4176 58187 980 1723
4177 58187 905 2888
4178 58187 1174 1540
4179 0 0 0
4180 58187 708 959
4181 49309 196 4182
4182 49309 197 4183
4183 49309 198 1942
4184 58187 386 4322
4185 49309 277 4186
4186 49309 278 4187
4187 49309 279 3108
4188 58187 325 1200
4189 58187 411 815
4190 58187 685 3033
4191 58187 1500 896
4192 49309 57 4193
4193 49309 58 4585
4194 58187 528 4926
4195 58187 1250 1287
4196 58187 631 1472
4197 0 0 0
4198 58187 1758 780
4199 0 0 0
4200 58187 388 747
4201 0 0 0
4202 58187 442 686
4203 58187 1080 4302
4204 0 0 0
4205 58187 1684 397
4206 58187 694 2012
4207 0 0 0
4208 0 0 0
4209 58187 367 264
4210 58187 1166 4213
4211 0 0 0
4212 58187 269 3405
4213 58187 1167 1934
4214 0 0 0
4215 58187 1429 4138
4216 58187 923 1016
4217 58187 972 303
4218 58187 1504 165
4219 7597 717 4220
4220 7597 718 4221
4221 7597 719 4222
4222 7597 720 201
4223 58187 239 3314
4224 58187 589 174
4225 0 0 0
4226 58187 531 124
4227 58187 1514 1743
4228 58187 83 2976
4229 0 0 0
4230 58187 941 1562
4231 58187 271 2918
4232 0 0 0
4233 0 0 0
4234 7597 126 4235
4235 7597 127 787
4236 58187 1078 1468
4237 7597 189 4238
4238 7597 190 4239
4239 7597 191 4240
4240 7597 192 4241
4241 7597 193 4242
4242 7597 194 2818
4243 58187 993 4901
4244 0 0 0
4245 58187 596 1144
4246 58187 1442 4450
4247 0 0 0
4248 58187 1440 3236
4249 0 0 0
4250 58187 676 90
4251 58187 499 782
4252 58187 73 978
4253 58187 1099 3470
4254 58187 626 3342
4255 0 0 0
4256 58187 48 198
4257 58187 213 1255
4258 58187 1625 649
4259 58187 698 2077
4260 7597 314 4261
4261 7597 315 4262
4262 7597 316 4263
4263 7597 317 3411
4264 58187 305 1554
4265 58187 1584 1764
4266 0 0 0
4267 0 0 0
4268 58187 383 278
4269 58187 857 1154
4270 58187 87 740
4271 0 0 0
4272 58187 893 1124
4273 7597 161 4274
4274 7597 162 4275
4275 7597 163 4276
4276 7597 164 4277
4277 7597 165 4742
4278 58187 1699 4427
4279 49309 225 4280
4280 49309 226 4281
4281 49309 227 1755
4282 58187 1667 2902
4283 0 0 0
4284 58187 1276 3658
4285 49309 190 4286
4286 49309 191 4287
4287 49309 192 85
4288 7597 519 4289
4289 7597 520 4290
4290 7597 521 4291
4291 7597 522 544
4292 58187 872 3189
4293 0 0 0
4294 58187 1511 538
4295 58187 959 3232
4296 7597 74 4297
4297 7597 75 4298
4298 7597 76 4299
4299 7597 77 4300
4300 7597 78 622
4301 58187 1538 476
4302 58187 1081 1069
4303 0 0 0
4304 0 0 0
4305 58187 1235 3552
4306 58187 254 76
4307 0 0 0
4308 0 0 0
4309 58187 1424 4717
4310 58187 1465 1778
4311 58187 835 2850
4312 58187 416 3160
4313 0 0 0
4314 0 0 0
4315 58187 513 1364
4316 58187 124 2752
4317 7597 920 4318
4318 7597 921 4319
4319 7597 922 205
4320 58187 753 1432
4321 0 0 0
4322 58187 387 4200
4323 0 0 0
4324 58187 283 274
4325 0 0 0
4326 58187 172 2114
4327 0 0 0
4328 58187 1371 4144
4329 58187 1015 492
4330 58187 432 2771
4331 7597 489 4332
4332 7597 490 4333
4333 7597 491 4334
4334 7597 492 4335
4335 7597 493 3239
4336 58187 1612 4922
4337 0 0 0
4338 58187 51 968
4339 0 0 0
4340 58187 1141 1208
4341 49309 1 4342
4342 49309 2 4343
4343 49309 3 2092
4344 58187 1660 3136
4345 58187 1113 518
4346 58187 1693 1900
4347 7597 382 4348
4348 7597 383 4349
4349 7597 384 3474
4350 58187 735 1780
4351 58187 1702 4989
4352 49309 127 4353
4353 49309 128 4354
4354 49309 129 4355
4355 49309 130 3462
4356 58187 767 2830
4357 58187 129 3641
4358 58187 1628 4406
4359 0 0 0
4360 58187 609 1704
4361 0 0 0
4362 58187 202 584
4363 0 0 0
4364 49309 454 4365
4365 49309 455 2248
4366 58187 1254 2802
4367 0 0 0
4368 49309 351 4369
4369 49309 352 428
4370 58187 1494 3610
4371 7597 631 4372
4372 7597 632 4373
4373 7597 633 332
4374 58187 684 4190
4375 58187 1073 1346
4376 0 0 0
4377 58187 618 3244
4378 0 0 0
4379 58187 1467 3410
4380 7597 809 4381
4381 7597 810 4382
4382 7597 811 4383
4383 7597 812 637
4384 58187 1414 2115
4385 58187 1562 2106
4386 0 0 0
4387 49309 418 1658
4388 58187 1605 4696
4389 0 0 0
4390 58187 1240 1830
4391 7597 750 4392
4392 7597 751 4393
4393 7597 752 4394
4394 7597 753 734
4395 7597 435 4396
4396 7597 436 4397
4397 7597 437 4398
4398 7597 438 4399
4399 7597 439 4400
4400 7597 440 4401
4401 7597 441 1593
4402 58187 487 1549
4403 58187 1731 4093
4404 0 0 0
4405 0 0 0
4406 58187 1629 2101
4407 0 0 0
4408 58187 1337 470
4409 7597 273 4410
4410 7597 274 4411
4411 7597 275 3741
4412 58187 1709 3577
4413 0 0 0
4414 58187 527 4194
4415 0 0 0
4416 58187 733 1556
4417 58187 296 394
4418 0 0 0
4419 58187 11 876
4420 58187 932 2235
4421 0 0 0
4422 58187 45 416
4423 0 0 0
4424 58187 862 3263
4425 0 0 0
4426 58187 856 4269
4427 58187 1700 4524
4428 0 0 0
4429 58187 844 822
4430 58187 1119 4140
4431 58187 468 24
4432 0 0 0
4433 58187 1144 2100
4434 0 0 0
4435 0 0 0
4436 58187 1578 4805
4437 49309 70 4438
4438 49309 71 4439
4439 49309 72 709
4440 49309 9 4441
4441 49309 10 150
4442 58187 1200 4810
4443 0 0 0
4444 58187 438 904
4445 0 0 0
4446 58187 1724 3149
4447 0 0 0
4448 58187 252 474
4449 58187 1126 2780
4450 58187 1443 2742
4451 0 0 0
4452 0 0 0
4453 0 0 0
4454 58187 657 4842
4455 0 0 0
4456 58187 96 656
4457 0 0 0
4458 58187 1671 3064
4459 58187 1520 1716
4460 58187 31 2158
4461 0 0 0
4462 58187 937 285
4463 0 0 0
4464 58187 1675 4878
4465 0 0 0
4466 58187 743 1614
4467 0 0 0
4468 0 0 0
4469 58187 1038 3662
4470 0 0 0
4471 0 0 0
4472 58187 719 225
4473 0 0 0
4474 0 0 0
4475 58187 864 3498
4476 58187 237 245
4477 58187 1463 3260
4478 58187 794 4706
4479 49309 438 4480
4480 49309 439 4481
4481 49309 440 585
4482 58187 880 292
4483 0 0 0
4484 58187 870 2280
4485 0 0 0
4486 58187 26 1327
4487 0 0 0
4488 58187 1325 3071
4489 7597 575 4490
4490 7597 576 4491
4491 7597 577 4492
4492 7597 578 4493
4493 7597 579 2182
4494 58187 1034 4680
4495 0 0 0
4496 58187 1137 3533
4497 0 0 0
4498 58187 970 7
4499 0 0 0
4500 58187 229 1312
4501 0 0 0
4502 58187 745 3581
4503 7597 615 4504
4504 7597 616 4505
4505 7597 617 4763
4506 58187 18 2138
4507 49309 238 4508
4508 49309 239 4509
4509 49309 240 3432
4510 58187 711 2824
4511 0 0 0
4512 58187 338 640
4513 0 0 0
4514 0 0 0
4515 58187 1272 3154
4516 58187 782 926
4517 58187 591 4920
4518 0 0 0
4519 0 0 0
4520 58187 1635 3268
4521 49309 109 4522
4522 49309 110 4523
4523 49309 111 1056
4524 58187 1701 4351
4525 0 0 0
4526 58187 542 1992
4527 0 0 0
4528 58187 406 1886
4529 58187 639 439
4530 58187 1395 3572
4531 49309 409 162
4532 58187 1555 1964
4533 0 0 0
4534 58187 1304 2912
4535 7597 114 4536
4536 7597 115 4537
4537 7597 116 4538
4538 7597 117 4539
4539 7597 118 4540
4540 7597 119 4541
4541 7597 120 4542
4542 7597 121 4543
4543 7597 122 230
4544 58187 579 2250
4545 58187 1554 4532
4546 58187 1365 2044
4547 58187 434 2066
4548 58187 966 2112
4549 0 0 0
4550 0 0 0
4551 7597 291 4552
4552 7597 292 4553
4553 7597 293 4554
4554 7597 294 4555
4555 7597 295 3397
4556 58187 672 3454
4557 0 0 0
4558 58187 974 960
4559 58187 263 3592
4560 58187 336 3643
4561 58187 630 4196
4562 58187 1549 3166
4563 0 0 0
4564 0 0 0
4565 0 0 0
4566 58187 787 1910
4567 58187 1182 516
4568 7597 305 4569
4569 7597 306 3621
4570 58187 376 2000
4571 0 0 0
4572 58187 1627 4358
4573 0 0 0
4574 0 0 0
4575 58187 752 4320
4576 49309 262 4577
4577 49309 263 1340
4578 58187 211 1492
4579 0 0 0
4580 58187 446 1488
4581 0 0 0
4582 58187 847 1114
4583 58187 681 3739
4584 58187 1206 4094
4585 49309 59 4586
4586 49309 60 4587
4587 49309 61 2892
4588 58187 826 3686
4589 0 0 0
4590 0 0 0
4591 58187 486 4402
4592 58187 402 2211
4593 58187 1199 4442
4594 58187 515 3117
4595 0 0 0
4596 58187 621 3278
4597 0 0 0
4598 58187 280 1422
4599 58187 1359 2833
4600 7597 204 4601
4601 7597 205 4602
4602 7597 206 4603
4603 7597 207 4604
4604 7597 208 4605
4605 7597 209 4606
4606 7597 210 4607
4607 7597 211 4608
4608 7597 212 4609
4609 7597 213 4610
4610 7597 214 4611
4611 7597 215 1600
4612 58187 1540 3170
4613 58187 460 3384
4614 58187 1561 4385
4615 0 0 0
4616 58187 614 2094
4617 0 0 0
4618 58187 1248 4968
4619 7597 969 4620
4620 7597 970 4621
4621 7597 971 4622
4622 7597 972 1506
4623 58187 523 2885
4624 49309 80 4625
4625 49309 81 3664
4626 58187 120 756
4627 58187 285 233
4628 0 0 0
4629 0 0 0
4630 7597 334 4631
4631 7597 335 4632
4632 7597 336 4633
4633 7597 337 192
4634 58187 926 3146
4635 58187 171 4326
4636 0 0 0
4637 58187 811 1126
4638 0 0 0
4639 0 0 0
4640 58187 1499 4191
4641 58187 560 3235
4642 7597 967 4643
4643 7597 968 4619
4644 7597 146 4645
4645 7597 147 4646
4646 7597 148 4647
4647 7597 149 4648
4648 7597 150 4649
4649 7597 151 4940
4650 58187 100 88
4651 0 0 0
4652 58187 335 4560
4653 0 0 0
4654 0 0 0
4655 0 0 0
4656 58187 1376 272
4657 58187 218 2947
4658 58187 1598 3123
4659 0 0 0
4660 58187 780 1961
4661 58187 1388 1164
4662 58187 796 1106
4663 0 0 0
4664 7597 988 4665
4665 7597 989 4666
4666 7597 990 4667
4667 7597 991 1216
4668 58187 333 3176
4669 58187 1299 4752
4670 0 0 0
4671 0 0 0
4672 58187 1355 302
4673 58187 989 1832
4674 7597 945 4675
4675 7597 946 4173
4676 58187 1642 1650
4677 0 0 0
4678 58187 1508 767
4679 0 0 0
4680 58187 1035 1353
4681 58187 647 1860
4682 58187 164 346
4683 58187 806 1360
4684 58187 707 4180
4685 49309 19 4686
4686 49309 20 4687
4687 49309 21 1209
4688 58187 1720 1034
4689 0 0 0
4690 7597 509 4691
4691 7597 510 4692
4692 7597 511 722
4693 58187 1650 2799
4694 58187 978 4145
4695 0 0 0
4696 58187 1606 702
4697 0 0 0
4698 49309 164 4699
4699 49309 165 840
4700 58187 1383 4172
4701 0 0 0
4702 58187 110 2246
4703 0 0 0
4704 7597 950 4705
4705 7597 951 1273
4706 58187 795 4662
4707 0 0 0
4708 58187 1566 4833
4709 0 0 0
4710 0 0 0
4711 58187 964 3320
4712 58187 261 254
4713 58187 843 4429
4714 49309 186 4715
4715 49309 187 1597
4716 58187 1068 493
4717 58187 1425 1671
4718 58187 342 2258
4719 49309 210 4720
4720 49309 211 4721
4721 49309 212 3487
4722 58187 1147 3282
4723 58187 474 1035
4724 49309 115 4725
4725 49309 116 3023
4726 58187 1050 3574
4727 0 0 0
4728 58187 751 4575
4729 0 0 0
4730 58187 951 1063
4731 49309 13 4732
4732 49309 14 4733
4733 49309 15 477
4734 58187 721 1469
4735 0 0 0
4736 7597 832 4737
4737 7597 833 4738
4738 7597 834 4739
4739 7597 835 4798
4740 58187 1497 3174
4741 58187 22 144
4742 7597 166 4743
4743 7597 167 4744
4744 7597 168 4745
4745 7597 169 3512
4746 58187 466 464
4747 7597 156 4748
4748 7597 157 4749
4749 7597 158 4750
4750 7597 159 4751
4751 7597 160 4273
4752 58187 1300 2744
4753 0 0 0
4754 0 0 0
4755 58187 1502 3022
4756 7597 246 4757
4757 7597 247 4758
4758 7597 248 4759
4759 7597 249 360
4760 58187 1678 986
4761 0 0 0
4762 58187 471 2956
4763 7597 618 4764
4764 7597 619 4765
4765 7597 620 2028
4766 58187 641 3607
4767 0 0 0
4768 58187 1632 109
4769 0 0 0
4770 58187 800 2926
4771 0 0 0
4772 58187 117 490
4773 0 0 0
4774 49309 298 4775
4775 49309 299 1702
4776 58187 1281 2808
4777 0 0 0
4778 49309 271 4779
4779 49309 272 457
4780 58187 176 21
4781 0 0 0
4782 7597 453 4783
4783 7597 454 4784
4784 7597 455 4785
4785 7597 456 3076
4786 58187 651 1662
4787 0 0 0
4788 7597 803 4789
4789 7597 804 4790
4790 7597 805 2981
4791 58187 1059 1566
4792 0 0 0
4793 0 0 0
4794 58187 667 4822
4795 0 0 0
4796 58187 483 1501
4797 58187 799 4770
4798 7597 836 4799
4799 7597 837 4800
4800 7597 838 2085
4801 58187 718 4472
4802 49309 461 4803
4803 49309 462 4953
4804 58187 1713 2130
4805 58187 1579 1643
4806 49309 403 3576
4807 58187 931 4420
4808 58187 1258 1474
4809 58187 1537 4301
4810 58187 1201 3284
4811 58187 1001 2113
4812 58187 1423 4309
4813 58187 1416 455
4814 58187 670 4949
4815 0 0 0
4816 49309 448 4817
4817 49309 449 2216
4818 49309 385 1776
4819 58187 997 2928
4820 58187 603 4080
4821 0 0 0
4822 58187 668 2835
4823 7597 412 4824
4824 7597 413 4825
4825 7597 414 3030
4826 58187 1362 1482
4827 0 0 0
4828 0 0 0
4829 58187 946 1722
4830 49309 148 4831
4831 49309 149 1357
4832 58187 1194 856
4833 58187 1567 1117
4834 58187 330 739
4835 0 0 0
4836 0 0 0
4837 58187 1434 556
4838 58187 152 1448
4839 0 0 0
4840 49309 355 4841
4841 49309 356 1635
4842 58187 658 2984
4843 58187 636 300
4844 58187 798 4797
4845 0 0 0
4846 58187 1670 4458
4847 0 0 0
4848 58187 1053 445
4849 58187 1486 540
4850 58187 450 3073
4851 58187 1569 725
4852 0 0 0
4853 0 0 0
4854 7597 424 4855
4855 7597 425 4856
4856 7597 426 4857
4857 7597 427 3222
4858 58187 1698 4278
4859 0 0 0
4860 58187 174 4114
4861 58187 1246 2763
4862 0 0 0
4863 58187 1149 2011
4864 58187 995 3286
4865 58187 1291 2953
4866 58187 1158 2792
4867 58187 1753 3554
4868 58187 1066 1899
4869 0 0 0
4870 7597 531 4871
4871 7597 532 4872
4872 7597 533 4873
4873 7597 534 4874
4874 7597 535 4875
4875 7597 536 379
4876 58187 1533 1560
4877 58187 134 1976
4878 58187 1676 1339
4879 0 0 0
4880 58187 123 4316
4881 0 0 0
4882 58187 1098 4253
4883 0 0 0
4884 58187 371 500
4885 58187 146 36
4886 49309 373 4887
4887 49309 374 3465
4888 58187 1707 1335
4889 49309 324 4890
4890 49309 325 4891
4891 49309 326 4085
4892 58187 714 1677
4893 58187 1637 186
4894 58187 1324 4488
4895 0 0 0
4896 58187 1252 1962
4897 7597 609 4898
4898 7597 610 4899
4899 7597 611 501
4900 58187 739 3044
4901 58187 994 4864
4902 58187 1295 3202
4903 0 0 0
4904 7597 135 4905
4905 7597 136 4906
4906 7597 137 4907
4907 7597 138 4908
4908 7597 139 4909
4909 7597 140 247
4910 58187 1529 4982
4911 58187 1346 533
4912 7597 856 4913
4913 7597 857 4914
4914 7597 858 1412
4915 58187 907 1587
4916 49309 414 4917
4917 49309 415 3144
4918 58187 984 1462
4919 0 0 0
4920 58187 592 2109
4921 0 0 0
4922 58187 1613 1998
4923 58187 1162 1553
4924 0 0 0
4925 0 0 0
4926 58187 529 219
4927 58187 1574 3270
4928 0 0 0
4929 58187 769 4091
4930 58187 136 3637
4931 58187 660 958
4932 58187 779 4660
4933 58187 663 3649
4934 58187 380 560
4935 58187 1115 634
4936 58187 585 982
4937 49309 48 4938
4938 49309 49 4939
4939 49309 50 3216
4940 7597 152 4941
4941 7597 153 4942
4942 7597 154 4943
4943 7597 155 4747
4944 58187 199 2779
4945 0 0 0
4946 58187 394 936
4947 58187 1267 3205
4948 58187 1130 443
4949 58187 671 4556
4950 0 0 0
4951 0 0 0
4952 58187 1451 1682
4953 49309 463 4954
4954 49309 464 427
4955 58187 1378 2871
4956 58187 119 4626
4957 0 0 0
4958 58187 498 4251
4959 0 0 0
4960 58187 401 4592
4961 0 0 0
4962 0 0 0
4963 58187 242 2844
4964 0 0 0
4965 58187 1729 386
4966 49309 267 4967
4967 49309 268 1956
4968 58187 1249 4195
4969 0 0 0
4970 58187 1139 4077
4971 0 0 0
4972 7597 1000 4973
4973 7597 1001 188
4974 58187 1631 4768
4975 58187 1616 2083
4976 49309 349 4977
4977 49309 350 4368
4978 58187 1615 4975
4979 0 0 0
4980 49309 53 4981
4981 49309 54 1930
4982 58187 1530 157
4983 7597 448 4984
4984 7597 449 4985
4985 7597 450 4986
4986 7597 451 4987
4987 7597 452 4782
4988 58187 209 716
4989 58187 1703 1871
4990 49309 64 4991
4991 49309 65 2972
4992 58187 726 2958
4993 58187 276 4128
4994 58187 674 3096
4995 58187 822 2091
4996 58187 762 2846
4997 0 0 0
4998 58187 56 402
4999 0 0 0
