500 100
655 479 1
1357 310 6
1466 150 3
1637 9 1
1727 439 5
2086 365 5
2515 153 4
2781 314 8
2919 408 4
3476 444 3
4086 463 4
4299 450 1
4602 380 1
4952 124 2
5280 58 9
5715 356 4
6481 373 1
7032 486 5
7069 248 3
7083 142 5
8566 342 5
8738 323 9
9909 362 1
12243 480 6
12899 192 2
13358 206 2
13368 270 5
13954 53 6
14476 332 1
14708 114 6
14996 186 6
15072 159 7
16397 290 11
17223 453 4
17813 223 1
18098 276 8
19276 416 8
19780 72 1
20161 468 1
21002 260 9
21444 374 6
22890 472 6
24808 406 3
25344 298 7
26178 184 2
26724 487 7
28652 434 5
28805 460 8
29212 37 1
29489 120 3
30135 322 4
30514 422 4
30664 26 1
31302 289 1
32418 74 3
32701 347 1
33591 174 3
34294 148 2
34956 350 8
35711 297 2
36840 326 5
37905 224 3
38239 196 1
39087 40 3
40534 446 3
40681 107 5
40989 212 2
41442 89 8
42305 494 8
42755 82 5
43146 176 8
44063 426 7
44682 2 7
44695 398 7
45877 252 8
47034 44 8
48006 197 8
48751 16 5
50416 386 7
51528 239 5
52743 28 7
53120 100 5
54155 292 1
54521 43 1
54722 80 7
54723 456 4
57198 11 5
58814 308 2
59182 216 7
59713 127 1
60215 136 5
60495 105 1
61120 363 1
61283 210 2
63143 286 3
63707 285 4
63745 21 4
64032 38 9
64205 170 7
65351 128 5
0 0 0 0
1 0 0 0
2 44682 1 3
3 44682 2 4
4 44682 3 5
5 44682 4 6
6 44682 5 7
7 44682 6 8
8 44682 7 1
9 1637 1 1
10 0 0 0
11 57198 1 12
12 57198 2 13
13 57198 3 14
14 57198 4 15
15 57198 5 1
16 48751 1 17
17 48751 2 18
18 48751 3 19
19 48751 4 20
20 48751 5 1
21 63745 1 22
22 63745 2 23
23 63745 3 24
24 63745 4 1
25 0 0 0
26 30664 1 1
27 0 0 0
28 52743 1 29
29 52743 2 30
30 52743 3 31
31 52743 4 32
32 52743 5 33
33 52743 6 34
34 52743 7 1
35 0 0 0
36 63707 4 1
37 29212 1 1
38 64032 1 39
39 64032 2 334
40 39087 1 41
41 39087 2 42
42 39087 3 1
43 54521 1 1
44 47034 1 45
45 47034 2 46
46 47034 3 47
47 47034 4 48
48 47034 5 49
49 47034 6 208
50 30135 2 383
51 0 0 0
52 24808 2 168
53 13954 1 54
54 13954 2 55
55 13954 3 56
56 13954 4 57
57 13954 5 348
58 5280 1 59
59 5280 2 60
60 5280 3 61
61 5280 4 62
62 5280 5 63
63 5280 6 64
64 5280 7 65
65 5280 8 66
66 5280 9 1
67 0 0 0
68 7032 4 87
69 16397 6 70
70 16397 7 71
71 16397 8 294
72 19780 1 1
73 0 0 0
74 32418 1 75
75 32418 2 76
76 32418 3 1
77 14996 5 78
78 14996 6 1
79 0 0 0
80 54722 1 81
81 54722 2 227
82 42755 1 83
83 42755 2 84
84 42755 3 85
85 42755 4 86
86 42755 5 1
87 7032 5 1
88 0 0 0
89 41442 1 90
90 41442 2 91
91 41442 3 92
92 41442 4 93
93 41442 5 94
94 41442 6 95
95 41442 7 96
96 41442 8 1
97 0 0 0
98 63707 3 36
99 0 0 0
100 53120 1 101
101 53120 2 102
102 53120 3 103
103 53120 4 104
104 53120 5 1
105 60495 1 1
106 0 0 0
107 40681 1 384
108 40681 3 166
109 0 0 0
110 42305 7 111
111 42305 8 1
112 35711 2 1
113 0 0 0
114 14708 1 115
115 14708 2 116
116 14708 3 117
117 14708 4 118
118 14708 5 119
119 14708 6 1
120 29489 1 121
121 29489 2 122
122 29489 3 1
123 0 0 0
124 4952 1 125
125 4952 2 1
126 8738 6 452
127 59713 1 1
128 65351 1 129
129 65351 2 130
130 65351 3 131
131 65351 4 132
132 65351 5 1
133 0 0 0
134 7032 2 341
135 0 0 0
136 60215 1 137
137 60215 2 138
138 60215 3 139
139 60215 4 140
140 60215 5 1
141 0 0 0
142 7083 1 143
143 7083 2 144
144 7083 3 145
145 7083 4 146
146 7083 5 1
147 0 0 0
148 34294 1 149
149 34294 2 1
150 1466 1 151
151 1466 2 152
152 1466 3 1
153 2515 1 154
154 2515 2 155
155 2515 3 156
156 2515 4 1
157 63707 2 98
158 0 0 0
159 15072 1 160
160 15072 2 161
161 15072 3 162
162 15072 4 163
163 15072 5 164
164 15072 6 165
165 15072 7 1
166 40681 4 331
167 0 0 0
168 24808 3 1
169 0 0 0
170 64205 1 171
171 64205 2 306
172 8738 4 305
173 0 0 0
174 33591 1 175
175 33591 2 293
176 43146 1 177
177 43146 2 178
178 43146 3 179
179 43146 4 180
180 43146 5 181
181 43146 6 182
182 43146 7 183
183 43146 8 1
184 26178 1 185
185 26178 2 1
186 14996 1 187
187 14996 2 188
188 14996 3 189
189 14996 4 77
190 30135 4 1
191 0 0 0
192 12899 1 193
193 12899 2 1
194 0 0 0
195 8738 3 172
196 38239 1 1
197 48006 1 198
198 48006 2 199
199 48006 3 200
200 48006 4 201
201 48006 5 202
202 48006 6 203
203 48006 7 204
204 48006 8 1
205 0 0 0
206 13358 1 207
207 13358 2 1
208 47034 7 209
209 47034 8 1
210 61283 1 211
211 61283 2 1
212 40989 1 213
213 40989 2 1
214 0 0 0
215 3476 3 1
216 59182 1 217
217 59182 2 218
218 59182 3 219
219 59182 4 220
220 59182 5 221
221 59182 6 222
222 59182 7 1
223 17813 1 1
224 37905 1 225
225 37905 2 226
226 37905 3 1
227 54722 3 228
228 54722 4 229
229 54722 5 230
230 54722 6 231
231 54722 7 1
232 63143 3 1
233 19276 7 234
234 19276 8 1
235 0 0 0
236 16397 3 237
237 16397 4 238
238 16397 5 69
239 51528 1 240
240 51528 2 241
241 51528 3 242
242 51528 4 243
243 51528 5 1
244 0 0 0
245 8738 2 195
246 64205 5 247
247 64205 6 451
248 7069 1 249
249 7069 2 250
250 7069 3 1
251 0 0 0
252 45877 1 253
253 45877 2 254
254 45877 3 255
255 45877 4 256
256 45877 5 257
257 45877 6 258
258 45877 7 259
259 45877 8 1
260 21002 1 261
261 21002 2 262
262 21002 3 263
263 21002 4 264
264 21002 5 265
265 21002 6 266
266 21002 7 267
267 21002 8 268
268 21002 9 1
269 0 0 0
270 13368 1 271
271 13368 2 272
272 13368 3 273
273 13368 4 274
274 13368 5 1
275 17223 4 1
276 18098 1 277
277 18098 2 278
278 18098 3 279
279 18098 4 280
280 18098 5 281
281 18098 6 282
282 18098 7 283
283 18098 8 1
284 0 0 0
285 63707 1 157
286 63143 1 338
287 0 0 0
288 8738 8 382
289 31302 1 1
290 16397 1 291
291 16397 2 236
292 54155 1 1
293 33591 3 1
294 16397 9 295
295 16397 10 296
296 16397 11 1
297 35711 1 112
298 25344 1 299
299 25344 2 300
300 25344 3 301
301 25344 4 302
302 25344 5 303
303 25344 6 304
304 25344 7 1
305 8738 5 126
306 64205 3 307
307 64205 4 246
308 58814 1 309
309 58814 2 1
310 1357 1 311
311 1357 2 312
312 1357 3 313
313 1357 4 393
314 2781 1 315
315 2781 2 316
316 2781 3 317
317 2781 4 318
318 2781 5 319
319 2781 6 320
320 2781 7 321
321 2781 8 1
322 30135 1 50
323 8738 1 245
324 0 0 0
325 0 0 0
326 36840 1 327
327 36840 2 328
328 36840 3 329
329 36840 4 330
330 36840 5 1
331 40681 5 1
332 14476 1 1
333 0 0 0
334 64032 3 335
335 64032 4 336
336 64032 5 337
337 64032 6 370
338 63143 2 232
339 0 0 0
340 0 0 0
341 7032 3 68
342 8566 1 343
343 8566 2 344
344 8566 3 345
345 8566 4 346
346 8566 5 1
347 32701 1 1
348 13954 6 1
349 0 0 0
350 34956 1 351
351 34956 2 352
352 34956 3 353
353 34956 4 354
354 34956 5 355
355 34956 6 469
356 5715 1 357
357 5715 2 358
358 5715 3 359
359 5715 4 1
360 0 0 0
361 0 0 0
362 9909 1 1
363 61120 1 1
364 0 0 0
365 2086 1 366
366 2086 2 367
367 2086 3 368
368 2086 4 369
369 2086 5 1
370 64032 7 371
371 64032 8 372
372 64032 9 1
373 6481 1 1
374 21444 1 375
375 21444 2 376
376 21444 3 377
377 21444 4 378
378 21444 5 379
379 21444 6 1
380 4602 1 1
381 0 0 0
382 8738 9 1
383 30135 3 190
384 40681 2 108
385 0 0 0
386 50416 1 387
387 50416 2 388
388 50416 3 389
389 50416 4 390
390 50416 5 391
391 50416 6 392
392 50416 7 1
393 1357 5 394
394 1357 6 1
395 0 0 0
396 0 0 0
397 0 0 0
398 44695 1 399
399 44695 2 400
400 44695 3 401
401 44695 4 402
402 44695 5 403
403 44695 6 404
404 44695 7 1
405 0 0 0
406 24808 1 52
407 0 0 0
408 2919 1 409
409 2919 2 410
410 2919 3 411
411 2919 4 1
412 28805 4 413
413 28805 5 414
414 28805 6 415
415 28805 7 433
416 19276 1 417
417 19276 2 418
418 19276 3 419
419 19276 4 420
420 19276 5 421
421 19276 6 233
422 30514 1 423
423 30514 2 424
424 30514 3 425
425 30514 4 1
426 44063 1 427
427 44063 2 428
428 44063 3 429
429 44063 4 430
430 44063 5 431
431 44063 6 432
432 44063 7 1
433 28805 8 1
434 28652 1 435
435 28652 2 436
436 28652 3 437
437 28652 4 438
438 28652 5 1
439 1727 1 440
440 1727 2 441
441 1727 3 442
442 1727 4 443
443 1727 5 1
444 3476 1 445
445 3476 2 215
446 40534 1 447
447 40534 2 448
448 40534 3 1
449 0 0 0
450 4299 1 1
451 64205 7 1
452 8738 7 288
453 17223 1 454
454 17223 2 455
455 17223 3 275
456 54723 1 457
457 54723 2 458
458 54723 3 459
459 54723 4 1
460 28805 1 461
461 28805 2 462
462 28805 3 412
463 4086 1 464
464 4086 2 465
465 4086 3 466
466 4086 4 1
467 0 0 0
468 20161 1 1
469 34956 7 470
470 34956 8 1
471 0 0 0
472 22890 1 473
473 22890 2 474
474 22890 3 475
475 22890 4 476
476 22890 5 477
477 22890 6 1
478 0 0 0
479 655 1 1
480 12243 1 481
481 12243 2 482
482 12243 3 483
483 12243 4 484
484 12243 5 485
485 12243 6 1
486 7032 1 134
487 26724 1 488
488 26724 2 489
489 26724 3 490
490 26724 4 491
491 26724 5 492
492 26724 6 493
493 26724 7 1
494 42305 1 495
495 42305 2 496
496 42305 3 497
497 42305 4 498
498 42305 5 499
499 42305 6 110
