1000 100
168 436 12
386 164 8
1248 713 3
2043 290 9
2136 10 4
3461 600 1
3938 725 17
4720 694 4
4782 580 18
5351 327 15
6326 324 1
7721 696 13
7825 230 7
8398 177 5
9209 52 10
10119 407 13
10796 113 9
12821 602 10
12873 537 11
13353 787 7
13587 306 17
13664 880 10
13834 358 13
14275 822 17
14485 24 13
15017 468 5
15112 509 13
15828 272 5
16226 490 1
16958 252 9
17268 184 14
19183 910 8
19200 870 9
19243 617 6
19748 19 5
22512 74 9
24066 278 7
24402 980 18
24940 860 9
25534 709 4
25645 792 11
25881 798 5
26163 212 13
26585 788 1
26892 217 13
27258 120 5
28085 524 13
28745 664 3
30196 96 13
31570 804 8
31695 644 5
32256 724 1
32482 503 1
33269 158 1
33471 671 13
35555 374 15
39404 835 10
40698 38 3
40774 908 4
41371 952 4
42126 448 16
43018 654 15
43478 744 13
43549 352 4
44771 78 13
45208 43 3
45397 418 15
46244 632 8
46603 64 15
47020 566 13
47812 845 12
48280 624 1
48735 462 2
49305 552 3
49391 234 7
49773 848 11
49879 954 15
52610 248 13
54206 972 11
56342 333 13
56653 938 14
57332 912 17
58258 199 11
58766 247 1
59288 127 15
60499 160 11
60573 762 13
60877 635 9
62335 492 11
62402 474 1
62500 859 7
62776 208 4
62854 814 14
63009 394 13
63606 266 10
63737 478 7
63742 75 1
63789 548 3
64720 776 8
65273 145 14
0 0 0 0
1 0 0 0
2 0 0 0
3 0 0 0
4 22512 6 296
5 47812 4 6
6 47812 5 7
7 47812 6 8
8 47812 7 9
9 47812 8 241
10 2136 1 11
11 2136 2 12
12 2136 3 13
13 2136 4 1
14 26163 2 390
15 0 0 0
16 62854 9 17
17 62854 10 18
18 62854 11 976
19 19748 1 20
20 19748 2 21
21 19748 3 22
22 19748 4 23
23 19748 5 1
24 14485 1 25
25 14485 2 26
26 14485 3 27
27 14485 4 28
28 14485 5 29
29 14485 6 30
30 14485 7 31
31 14485 8 32
32 14485 9 33
33 14485 10 34
34 14485 11 35
35 14485 12 36
36 14485 13 1
37 0 0 0
38 40698 1 39
39 40698 2 40
40 40698 3 1
41 0 0 0
42 0 0 0
43 45208 1 573
44 47020 8 45
45 47020 9 46
46 47020 10 47
47 47020 11 48
48 47020 12 49
49 47020 13 1
50 54206 9 51
51 54206 10 953
52 9209 1 53
53 9209 2 54
54 9209 3 55
55 9209 4 56
56 9209 5 57
57 9209 6 58
58 9209 7 59
59 9209 8 60
60 9209 9 61
61 9209 10 1
62 0 0 0
63 0 0 0
64 46603 1 65
65 46603 2 66
66 46603 3 67
67 46603 4 68
68 46603 5 69
69 46603 6 70
70 46603 7 556
71 22512 5 4
72 26163 7 489
73 13353 5 176
74 22512 1 975
75 63742 1 1
76 0 0 0
77 0 0 0
78 44771 1 79
79 44771 2 80
80 44771 3 81
81 44771 4 82
82 44771 5 83
83 44771 6 84
84 44771 7 85
85 44771 8 86
86 44771 9 87
87 44771 10 88
88 44771 11 89
89 44771 12 90
90 44771 13 1
91 0 0 0
92 62500 7 1
93 0 0 0
94 62500 5 970
95 0 0 0
96 30196 1 97
97 30196 2 98
98 30196 3 99
99 30196 4 100
100 30196 5 101
101 30196 6 102
102 30196 7 103
103 30196 8 104
104 30196 9 105
105 30196 10 106
106 30196 11 107
107 30196 12 108
108 30196 13 1
109 0 0 0
110 19183 7 392
111 0 0 0
112 60499 5 668
113 10796 1 114
114 10796 2 115
115 10796 3 116
116 10796 4 117
117 10796 5 118
118 10796 6 119
119 10796 7 465
120 27258 1 121
121 27258 2 122
122 27258 3 123
123 27258 4 124
124 27258 5 1
125 13353 2 932
126 0 0 0
127 59288 1 128
128 59288 2 129
129 59288 3 130
130 59288 4 131
131 59288 5 132
132 59288 6 133
133 59288 7 134
134 59288 8 135
135 59288 9 136
136 59288 10 137
137 59288 11 138
138 59288 12 139
139 59288 13 140
140 59288 14 141
141 59288 15 1
142 0 0 0
143 19183 2 929
144 0 0 0
145 65273 1 146
146 65273 2 147
147 65273 3 148
148 65273 4 149
149 65273 5 150
150 65273 6 151
151 65273 7 152
152 65273 8 153
153 65273 9 154
154 65273 10 155
155 65273 11 156
156 65273 12 157
157 65273 13 789
158 33269 1 1
159 0 0 0
160 60499 1 631
161 0 0 0
162 40774 3 163
163 40774 4 1
164 386 1 165
165 386 2 166
166 386 3 167
167 386 4 168
168 386 5 169
169 386 6 170
170 386 7 171
171 386 8 1
172 13353 4 73
173 0 0 0
174 62500 3 901
175 19183 5 722
176 13353 6 486
177 8398 1 797
178 54206 4 179
179 54206 5 180
180 54206 6 574
181 60499 11 1
182 0 0 0
183 0 0 0
184 17268 1 185
185 17268 2 186
186 17268 3 187
187 17268 4 188
188 17268 5 189
189 17268 6 190
190 17268 7 191
191 17268 8 192
192 17268 9 193
193 17268 10 194
194 17268 11 195
195 17268 12 196
196 17268 13 197
197 17268 14 1
198 26163 11 832
199 58258 1 200
200 58258 2 201
201 58258 3 202
202 58258 4 203
203 58258 5 204
204 58258 6 205
205 58258 7 206
206 58258 8 207
207 58258 9 808
208 62776 1 209
209 62776 2 210
210 62776 3 211
211 62776 4 1
212 26163 1 14
213 0 0 0
214 10119 5 215
215 10119 6 216
216 10119 7 298
217 26892 1 218
218 26892 2 219
219 26892 3 220
220 26892 4 221
221 26892 5 222
222 26892 6 223
223 26892 7 224
224 26892 8 225
225 26892 9 226
226 26892 10 227
227 26892 11 228
228 26892 12 229
229 26892 13 1
230 7825 1 231
231 7825 2 232
232 7825 3 233
233 7825 4 902
234 49391 1 235
235 49391 2 236
236 49391 3 237
237 49391 4 238
238 49391 5 239
239 49391 6 240
240 49391 7 1
241 47812 9 242
242 47812 10 243
243 47812 11 244
244 47812 12 1
245 0 0 0
246 0 0 0
247 58766 1 1
248 52610 1 249
249 52610 2 250
250 52610 3 251
251 52610 4 287
252 16958 1 253
253 16958 2 254
254 16958 3 255
255 16958 4 256
256 16958 5 257
257 16958 6 258
258 16958 7 259
259 16958 8 260
260 16958 9 1
261 0 0 0
262 63606 7 263
263 63606 8 264
264 63606 9 265
265 63606 10 1
266 63606 1 267
267 63606 2 268
268 63606 3 269
269 63606 4 270
270 63606 5 271
271 63606 6 262
272 15828 1 273
273 15828 2 274
274 15828 3 275
275 15828 4 276
276 15828 5 1
277 41371 2 907
278 24066 1 279
279 24066 2 280
280 24066 3 281
281 24066 4 282
282 24066 5 283
283 24066 6 284
284 24066 7 1
285 0 0 0
286 8398 4 906
287 52610 5 288
288 52610 6 289
289 52610 7 576
290 2043 1 291
291 2043 2 292
292 2043 3 293
293 2043 4 294
294 2043 5 295
295 2043 6 348
296 22512 7 890
297 0 0 0
298 10119 8 299
299 10119 9 300
300 10119 10 612
301 25645 6 302
302 25645 7 303
303 25645 8 304
304 25645 9 305
305 25645 10 930
306 13587 1 307
307 13587 2 308
308 13587 3 309
309 13587 4 310
310 13587 5 311
311 13587 6 312
312 13587 7 313
313 13587 8 314
314 13587 9 315
315 13587 10 316
316 13587 11 317
317 13587 12 318
318 13587 13 319
319 13587 14 320
320 13587 15 321
321 13587 16 322
322 13587 17 1
323 41371 4 1
324 6326 1 1
325 45208 3 1
326 0 0 0
327 5351 1 328
328 5351 2 329
329 5351 3 330
330 5351 4 331
331 5351 5 332
332 5351 6 896
333 56342 1 334
334 56342 2 335
335 56342 3 336
336 56342 4 337
337 56342 5 338
338 56342 6 339
339 56342 7 340
340 56342 8 341
341 56342 9 342
342 56342 10 343
343 56342 11 344
344 56342 12 345
345 56342 13 1
346 0 0 0
347 0 0 0
348 2043 7 349
349 2043 8 350
350 2043 9 1
351 0 0 0
352 43549 1 353
353 43549 2 354
354 43549 3 355
355 43549 4 1
356 0 0 0
357 0 0 0
358 13834 1 359
359 13834 2 360
360 13834 3 361
361 13834 4 362
362 13834 5 363
363 13834 6 364
364 13834 7 365
365 13834 8 366
366 13834 9 367
367 13834 10 368
368 13834 11 369
369 13834 12 370
370 13834 13 1
371 4720 3 372
372 4720 4 1
373 0 0 0
374 35555 1 375
375 35555 2 376
376 35555 3 377
377 35555 4 378
378 35555 5 379
379 35555 6 380
380 35555 7 381
381 35555 8 382
382 35555 9 383
383 35555 10 384
384 35555 11 385
385 35555 12 386
386 35555 13 387
387 35555 14 388
388 35555 15 1
389 22512 9 1
390 26163 3 412
391 0 0 0
392 19183 8 1
393 0 0 0
394 63009 1 395
395 63009 2 396
396 63009 3 397
397 63009 4 398
398 63009 5 399
399 63009 6 400
400 63009 7 401
401 63009 8 402
402 63009 9 403
403 63009 10 404
404 63009 11 405
405 63009 12 406
406 63009 13 1
407 10119 1 408
408 10119 2 409
409 10119 3 410
410 10119 4 214
411 26163 9 634
412 26163 4 670
413 0 0 0
414 0 0 0
415 0 0 0
416 60499 10 181
417 0 0 0
418 45397 1 419
419 45397 2 420
420 45397 3 421
421 45397 4 422
422 45397 5 423
423 45397 6 424
424 45397 7 425
425 45397 8 426
426 45397 9 427
427 45397 10 428
428 45397 11 429
429 45397 12 430
430 45397 13 431
431 45397 14 432
432 45397 15 1
433 60499 4 112
434 46244 5 435
435 46244 6 506
436 168 1 437
437 168 2 438
438 168 3 439
439 168 4 440
440 168 5 441
441 168 6 442
442 168 7 443
443 168 8 444
444 168 9 445
445 168 10 446
446 168 11 447
447 168 12 1
448 42126 1 449
449 42126 2 450
450 42126 3 451
451 42126 4 452
452 42126 5 453
453 42126 6 454
454 42126 7 455
455 42126 8 456
456 42126 9 457
457 42126 10 458
458 42126 11 459
459 42126 12 460
460 42126 13 461
461 42126 14 830
462 48735 1 463
463 48735 2 1
464 0 0 0
465 10796 8 466
466 10796 9 1
467 0 0 0
468 15017 1 469
469 15017 2 470
470 15017 3 471
471 15017 4 472
472 15017 5 1
473 0 0 0
474 62402 1 1
475 0 0 0
476 52610 12 477
477 52610 13 1
478 63737 1 479
479 63737 2 480
480 63737 3 481
481 63737 4 482
482 63737 5 483
483 63737 6 484
484 63737 7 1
485 0 0 0
486 13353 7 1
487 0 0 0
488 0 0 0
489 26163 8 411
490 16226 1 1
491 0 0 0
492 62335 1 493
493 62335 2 494
494 62335 3 495
495 62335 4 496
496 62335 5 497
497 62335 6 498
498 62335 7 499
499 62335 8 500
500 62335 9 501
501 62335 10 502
502 62335 11 1
503 32482 1 1
504 60499 8 628
505 0 0 0
506 46244 7 507
507 46244 8 1
508 0 0 0
509 15112 1 510
510 15112 2 511
511 15112 3 512
512 15112 4 513
513 15112 5 514
514 15112 6 515
515 15112 7 516
516 15112 8 517
517 15112 9 518
518 15112 10 519
519 15112 11 520
520 15112 12 521
521 15112 13 1
522 0 0 0
523 60499 3 433
524 28085 1 525
525 28085 2 526
526 28085 3 527
527 28085 4 528
528 28085 5 529
529 28085 6 530
530 28085 7 531
531 28085 8 532
532 28085 9 533
533 28085 10 534
534 28085 11 535
535 28085 12 536
536 28085 13 1
537 12873 1 538
538 12873 2 539
539 12873 3 540
540 12873 4 541
541 12873 5 542
542 12873 6 543
543 12873 7 544
544 12873 8 545
545 12873 9 546
546 12873 10 547
547 12873 11 1
548 63789 1 549
549 63789 2 550
550 63789 3 1
551 0 0 0
552 49305 1 553
553 49305 2 554
554 49305 3 1
555 0 0 0
556 46603 8 557
557 46603 9 558
558 46603 10 559
559 46603 11 560
560 46603 12 561
561 46603 13 562
562 46603 14 563
563 46603 15 1
564 0 0 0
565 0 0 0
566 47020 1 567
567 47020 2 568
568 47020 3 569
569 47020 4 570
570 47020 5 571
571 47020 6 572
572 47020 7 44
573 45208 2 325
574 54206 7 575
575 54206 8 50
576 52610 8 577
577 52610 9 578
578 52610 10 579
579 52610 11 476
580 4782 1 581
581 4782 2 582
582 4782 3 583
583 4782 4 584
584 4782 5 585
585 4782 6 586
586 4782 7 587
587 4782 8 588
588 4782 9 589
589 4782 10 590
590 4782 11 591
591 4782 12 592
592 4782 13 593
593 4782 14 594
594 4782 15 595
595 4782 16 596
596 4782 17 597
597 4782 18 1
598 0 0 0
599 0 0 0
600 3461 1 1
601 0 0 0
602 12821 1 603
603 12821 2 604
604 12821 3 605
605 12821 4 606
606 12821 5 607
607 12821 6 608
608 12821 7 609
609 12821 8 610
610 12821 9 611
611 12821 10 1
612 10119 11 613
613 10119 12 614
614 10119 13 1
615 0 0 0
616 26163 13 1
617 19243 1 618
618 19243 2 619
619 19243 3 620
620 19243 4 621
621 19243 5 622
622 19243 6 1
623 0 0 0
624 48280 1 1
625 0 0 0
626 0 0 0
627 62500 2 174
628 60499 9 416
629 0 0 0
630 0 0 0
631 60499 2 523
632 46244 1 633
633 46244 2 812
634 26163 10 198
635 60877 1 636
636 60877 2 637
637 60877 3 638
638 60877 4 639
639 60877 5 640
640 60877 6 641
641 60877 7 642
642 60877 8 643
643 60877 9 1
644 31695 1 645
645 31695 2 646
646 31695 3 647
647 31695 4 648
648 31695 5 1
649 5351 12 650
650 5351 13 651
651 5351 14 652
652 5351 15 1
653 0 0 0
654 43018 1 655
655 43018 2 656
656 43018 3 657
657 43018 4 658
658 43018 5 659
659 43018 6 660
660 43018 7 661
661 43018 8 662
662 43018 9 663
663 43018 10 716
664 28745 1 665
665 28745 2 666
666 28745 3 1
667 0 0 0
668 60499 6 971
669 0 0 0
670 26163 5 936
671 33471 1 672
672 33471 2 673
673 33471 3 674
674 33471 4 675
675 33471 5 676
676 33471 6 677
677 33471 7 678
678 33471 8 679
679 33471 9 680
680 33471 10 681
681 33471 11 682
682 33471 12 683
683 33471 13 1
684 0 0 0
685 14275 9 686
686 14275 10 687
687 14275 11 688
688 14275 12 689
689 14275 13 690
690 14275 14 691
691 14275 15 692
692 14275 16 693
693 14275 17 1
694 4720 1 695
695 4720 2 371
696 7721 1 697
697 7721 2 698
698 7721 3 699
699 7721 4 700
700 7721 5 701
701 7721 6 702
702 7721 7 703
703 7721 8 704
704 7721 9 705
705 7721 10 706
706 7721 11 707
707 7721 12 708
708 7721 13 1
709 25534 1 710
710 25534 2 711
711 25534 3 712
712 25534 4 1
713 1248 1 714
714 1248 2 715
715 1248 3 1
716 43018 11 717
717 43018 12 718
718 43018 13 719
719 43018 14 720
720 43018 15 1
721 0 0 0
722 19183 6 110
723 0 0 0
724 32256 1 1
725 3938 1 726
726 3938 2 727
727 3938 3 728
728 3938 4 729
729 3938 5 730
730 3938 6 731
731 3938 7 732
732 3938 8 733
733 3938 9 734
734 3938 10 735
735 3938 11 736
736 3938 12 737
737 3938 13 738
738 3938 14 739
739 3938 15 740
740 3938 16 741
741 3938 17 1
742 31570 8 1
743 0 0 0
744 43478 1 745
745 43478 2 746
746 43478 3 747
747 43478 4 748
748 43478 5 749
749 43478 6 750
750 43478 7 751
751 43478 8 752
752 43478 9 753
753 43478 10 754
754 43478 11 755
755 43478 12 756
756 43478 13 1
757 0 0 0
758 0 0 0
759 31570 5 760
760 31570 6 761
761 31570 7 742
762 60573 1 763
763 60573 2 764
764 60573 3 765
765 60573 4 766
766 60573 5 767
767 60573 6 768
768 60573 7 769
769 60573 8 770
770 60573 9 771
771 60573 10 772
772 60573 11 773
773 60573 12 774
774 60573 13 1
775 0 0 0
776 64720 1 777
777 64720 2 778
778 64720 3 779
779 64720 4 780
780 64720 5 781
781 64720 6 782
782 64720 7 783
783 64720 8 1
784 19183 4 175
785 0 0 0
786 0 0 0
787 13353 1 125
788 26585 1 1
789 65273 14 1
790 0 0 0
791 0 0 0
792 25645 1 793
793 25645 2 794
794 25645 3 795
795 25645 4 796
796 25645 5 301
797 8398 2 934
798 25881 1 799
799 25881 2 800
800 25881 3 801
801 25881 4 802
802 25881 5 1
803 0 0 0
804 31570 1 805
805 31570 2 806
806 31570 3 807
807 31570 4 759
808 58258 10 809
809 58258 11 1
810 0 0 0
811 22512 3 894
812 46244 3 813
813 46244 4 434
814 62854 1 815
815 62854 2 816
816 62854 3 817
817 62854 4 818
818 62854 5 819
819 62854 6 820
820 62854 7 821
821 62854 8 16
822 14275 1 823
823 14275 2 824
824 14275 3 825
825 14275 4 826
826 14275 5 827
827 14275 6 828
828 14275 7 829
829 14275 8 685
830 42126 15 831
831 42126 16 1
832 26163 12 616
833 0 0 0
834 0 0 0
835 39404 1 836
836 39404 2 837
837 39404 3 838
838 39404 4 839
839 39404 5 840
840 39404 6 841
841 39404 7 842
842 39404 8 843
843 39404 9 844
844 39404 10 1
845 47812 1 846
846 47812 2 847
847 47812 3 5
848 49773 1 849
849 49773 2 850
850 49773 3 851
851 49773 4 852
852 49773 5 853
853 49773 6 854
854 49773 7 855
855 49773 8 856
856 49773 9 857
857 49773 10 858
858 49773 11 1
859 62500 1 627
860 24940 1 861
861 24940 2 862
862 24940 3 863
863 24940 4 864
864 24940 5 865
865 24940 6 866
866 24940 7 867
867 24940 8 868
868 24940 9 1
869 0 0 0
870 19200 1 871
871 19200 2 872
872 19200 3 873
873 19200 4 874
874 19200 5 875
875 19200 6 876
876 19200 7 877
877 19200 8 878
878 19200 9 1
879 0 0 0
880 13664 1 881
881 13664 2 882
882 13664 3 883
883 13664 4 884
884 13664 5 885
885 13664 6 886
886 13664 7 887
887 13664 8 888
888 13664 9 889
889 13664 10 1
890 22512 8 389
891 0 0 0
892 0 0 0
893 0 0 0
894 22512 4 71
895 0 0 0
896 5351 7 897
897 5351 8 898
898 5351 9 899
899 5351 10 900
900 5351 11 649
901 62500 4 94
902 7825 5 903
903 7825 6 904
904 7825 7 1
905 0 0 0
906 8398 5 1
907 41371 3 323
908 40774 1 909
909 40774 2 162
910 19183 1 143
911 0 0 0
912 57332 1 913
913 57332 2 914
914 57332 3 915
915 57332 4 916
916 57332 5 917
917 57332 6 918
918 57332 7 919
919 57332 8 920
920 57332 9 921
921 57332 10 922
922 57332 11 923
923 57332 12 924
924 57332 13 925
925 57332 14 926
926 57332 15 927
927 57332 16 928
928 57332 17 1
929 19183 3 784
930 25645 11 1
931 0 0 0
932 13353 3 172
933 0 0 0
934 8398 3 286
935 0 0 0
936 26163 6 72
937 0 0 0
938 56653 1 939
939 56653 2 940
940 56653 3 941
941 56653 4 942
942 56653 5 943
943 56653 6 944
944 56653 7 945
945 56653 8 946
946 56653 9 947
947 56653 10 948
948 56653 11 949
949 56653 12 950
950 56653 13 951
951 56653 14 1
952 41371 1 277
953 54206 11 1
954 49879 1 955
955 49879 2 956
956 49879 3 957
957 49879 4 958
958 49879 5 959
959 49879 6 960
960 49879 7 961
961 49879 8 962
962 49879 9 963
963 49879 10 964
964 49879 11 965
965 49879 12 966
966 49879 13 967
967 49879 14 968
968 49879 15 1
969 0 0 0
970 62500 6 92
971 60499 7 504
972 54206 1 973
973 54206 2 974
974 54206 3 178
975 22512 2 811
976 62854 12 977
977 62854 13 978
978 62854 14 1
979 0 0 0
980 24402 1 981
981 24402 2 982
982 24402 3 983
983 24402 4 984
984 24402 5 985
985 24402 6 986
986 24402 7 987
987 24402 8 988
988 24402 9 989
989 24402 10 990
990 24402 11 991
991 24402 12 992
992 24402 13 993
993 24402 14 994
994 24402 15 995
995 24402 16 996
996 24402 17 997
997 24402 18 1
998 0 0 0
999 0 0 0
